"Accuracy"	"Sensitivity"	"Specificity"	"T2"
"1"	0.966666666666667	0.962025316455696	1	2.02901701110141
"2"	0.888888888888889	0.873417721518987	1	2.42838406117008
"3"	0.955555555555556	0.949367088607595	1	2.1235961935715
"4"	0.977777777777778	0.974683544303797	1	2.20466401504506
"5"	0.966666666666667	0.962025316455696	1	2.07554329108988
"6"	0.966666666666667	0.962025316455696	1	2.11461673991086
"7"	0.977777777777778	0.974683544303797	1	2.05784516474112
"8"	0.977777777777778	0.974683544303797	1	1.98852750478718
"9"	0.9	0.911392405063291	0.818181818181818	2.42560132308758
"10"	0.966666666666667	0.962025316455696	1	2.13798900705044
"11"	0.944444444444444	0.936708860759494	1	2.00937798209079
"12"	0.922222222222222	0.911392405063291	1	2.16469963837547
"13"	0.944444444444444	0.936708860759494	1	1.97590430851372
"14"	0.955555555555556	0.962025316455696	0.909090909090909	2.10342170871002
"15"	0.977777777777778	0.974683544303797	1	2.16156369111145
"16"	0.944444444444444	0.949367088607595	0.909090909090909	2.14902350585584
"17"	0.9	0.911392405063291	0.818181818181818	2.09193565221405
"18"	0.966666666666667	0.962025316455696	1	2.29054260038732
"19"	0.922222222222222	0.924050632911392	0.909090909090909	2.13258029766957
"20"	0.955555555555556	0.949367088607595	1	2.06409406484816
"21"	0.966666666666667	0.962025316455696	1	1.91653955238964
"22"	0.977777777777778	0.987341772151899	0.909090909090909	2.26066006025502
"23"	0.933333333333333	0.924050632911392	1	1.97534345546538
"24"	0.933333333333333	0.936708860759494	0.909090909090909	2.03064953261121
"25"	0.977777777777778	0.974683544303797	1	1.99466282536348
"26"	0.966666666666667	0.974683544303797	0.909090909090909	2.07640452875862
"27"	0.955555555555556	0.949367088607595	1	2.09160136466893
"28"	0.955555555555556	0.949367088607595	1	1.98154373116555
"29"	0.944444444444444	0.949367088607595	0.909090909090909	2.11715316349896
"30"	0.966666666666667	0.962025316455696	1	1.97486173490445
"31"	0.977777777777778	0.974683544303797	1	2.431915510815
"32"	0.966666666666667	0.962025316455696	1	2.24658830693976
"33"	0.955555555555556	0.949367088607595	1	2.19029169172185
"34"	0.955555555555556	0.949367088607595	1	2.19527311477023
"35"	0.955555555555556	0.962025316455696	0.909090909090909	2.09546842598831
"36"	0.944444444444444	0.936708860759494	1	1.92881291116548
"37"	0.966666666666667	0.962025316455696	1	2.11951266095962
"38"	0.977777777777778	0.974683544303797	1	2.25863061808758
"39"	0.966666666666667	0.962025316455696	1	2.21559578710712
"40"	0.922222222222222	0.936708860759494	0.818181818181818	2.14224052388999
"41"	0.944444444444444	0.936708860759494	1	2.55416329211832
"42"	0.911111111111111	0.89873417721519	1	2.31873711844797
"43"	0.966666666666667	0.962025316455696	1	1.98949215002901
"44"	0.966666666666667	0.962025316455696	1	2.19908556586982
"45"	1	1	1	2.3598930588429
"46"	0.966666666666667	0.962025316455696	1	2.15072327825927
"47"	0.966666666666667	0.962025316455696	1	1.94514883280794
"48"	0.955555555555556	0.949367088607595	1	2.06852759475774
"49"	0.955555555555556	0.949367088607595	1	2.1586186746184
"50"	0.988888888888889	0.987341772151899	1	2.11024098270666
"51"	0.977777777777778	0.987341772151899	0.909090909090909	2.31902152487538
"52"	0.966666666666667	0.962025316455696	1	2.20778349392834
"53"	0.966666666666667	0.962025316455696	1	2.04282296425027
"54"	0.911111111111111	0.911392405063291	0.909090909090909	2.41792455191383
"55"	0.955555555555556	0.949367088607595	1	2.06306350980811
"56"	0.977777777777778	0.974683544303797	1	1.99844073478464
"57"	0.955555555555556	0.949367088607595	1	2.07194504570054
"58"	0.966666666666667	0.962025316455696	1	2.00041753231343
"59"	0.977777777777778	0.974683544303797	1	2.17147689994107
"60"	0.977777777777778	0.987341772151899	0.909090909090909	2.16355432390104
"61"	0.944444444444444	0.936708860759494	1	2.17426029416172
"62"	0.933333333333333	0.924050632911392	1	1.97253164791162
"63"	0.933333333333333	0.924050632911392	1	2.07524073079095
"64"	0.977777777777778	0.974683544303797	1	2.05472738036157
"65"	0.944444444444444	0.936708860759494	1	2.44770675609244
"66"	0.966666666666667	0.962025316455696	1	2.10398752829434
"67"	0.944444444444444	0.949367088607595	0.909090909090909	2.20098061096495
"68"	0.944444444444444	0.936708860759494	1	2.04862034407232
"69"	0.955555555555556	0.949367088607595	1	2.69893138194766
"70"	0.966666666666667	0.962025316455696	1	1.93348200739117
"71"	0.944444444444444	0.936708860759494	1	2.11498319594411
"72"	0.944444444444444	0.936708860759494	1	2.09556527872982
"73"	0.966666666666667	0.962025316455696	1	2.01576201191118
"74"	0.977777777777778	0.974683544303797	1	1.94395307645455
"75"	0.966666666666667	0.962025316455696	1	2.14658041796748
"76"	0.955555555555556	0.949367088607595	1	2.19751811434455
"77"	0.988888888888889	0.987341772151899	1	2.06577629906184
"78"	0.944444444444444	0.936708860759494	1	2.05838388937697
"79"	0.988888888888889	1	0.909090909090909	2.38767598380886
"80"	0.955555555555556	0.949367088607595	1	2.31419422986376
"81"	0.933333333333333	0.924050632911392	1	2.0224674101418
"82"	0.944444444444444	0.949367088607595	0.909090909090909	2.03465691726178
"83"	0.911111111111111	0.89873417721519	1	2.1089182874302
"84"	0.977777777777778	0.974683544303797	1	1.96510025710236
"85"	0.977777777777778	0.974683544303797	1	2.09892355168076
"86"	0.966666666666667	0.974683544303797	0.909090909090909	2.06770752646191
"87"	0.977777777777778	0.974683544303797	1	2.18896109881795
"88"	0.966666666666667	0.962025316455696	1	2.31326258180157
"89"	0.988888888888889	0.987341772151899	1	1.89596112268092
"90"	0.922222222222222	0.911392405063291	1	2.32353548067332
"91"	0.966666666666667	0.962025316455696	1	2.43954143832548
"92"	0.955555555555556	0.949367088607595	1	2.28992073471729
"93"	0.944444444444444	0.962025316455696	0.818181818181818	2.14075391074224
"94"	0.944444444444444	0.936708860759494	1	2.28114221218481
"95"	0.955555555555556	0.949367088607595	1	1.9929810763469
"96"	0.944444444444444	0.936708860759494	1	1.96327550958951
"97"	0.955555555555556	0.962025316455696	0.909090909090909	2.09164485768921
"98"	0.988888888888889	0.987341772151899	1	2.42828315027654
"99"	0.966666666666667	0.962025316455696	1	2.23583845418183
"100"	0.966666666666667	0.962025316455696	1	1.88607896335433
