"Accuracy"	"Sensitivity"	"Specificity"	"T2"
"1"	0.977777777777778	0.974683544303797	1	4.37170940564927
"2"	0.977777777777778	0.974683544303797	1	4.3589577099128
"3"	0.988888888888889	0.987341772151899	1	4.65557596829481
"4"	0.988888888888889	0.987341772151899	1	4.20894031317613
"5"	0.988888888888889	0.987341772151899	1	4.35375497996923
"6"	0.977777777777778	0.974683544303797	1	4.13825208262361
"7"	0.988888888888889	0.987341772151899	1	4.39042003202573
"8"	0.977777777777778	0.974683544303797	1	3.96401313407691
"9"	0.988888888888889	0.987341772151899	1	4.3425338720418
"10"	0.977777777777778	0.987341772151899	0.909090909090909	4.10268307223743
"11"	1	1	1	3.99287535293772
"12"	0.977777777777778	0.974683544303797	1	4.30868038274353
"13"	0.988888888888889	0.987341772151899	1	4.21292520875906
"14"	0.988888888888889	0.987341772151899	1	4.17199191796034
"15"	1	1	1	3.65343138305768
"16"	0.988888888888889	0.987341772151899	1	4.05807382407659
"17"	1	1	1	4.13027939080499
"18"	1	1	1	3.98777710518108
"19"	0.988888888888889	0.987341772151899	1	4.11903883180845
"20"	0.988888888888889	0.987341772151899	1	4.36548146674988
"21"	0.966666666666667	0.962025316455696	1	3.93749414775668
"22"	0.966666666666667	0.974683544303797	0.909090909090909	4.70789290398951
"23"	0.955555555555556	0.962025316455696	0.909090909090909	4.83330908414655
"24"	0.988888888888889	0.987341772151899	1	4.32650411660124
"25"	0.977777777777778	0.974683544303797	1	4.17773119484551
"26"	0.944444444444444	0.936708860759494	1	4.46473666313793
"27"	0.988888888888889	0.987341772151899	1	4.24839013552286
"28"	0.988888888888889	0.987341772151899	1	4.84736561340418
"29"	0.988888888888889	0.987341772151899	1	4.23182151224907
"30"	0.977777777777778	0.987341772151899	0.909090909090909	4.23039717647572
"31"	1	1	1	4.0948800466665
"32"	0.988888888888889	0.987341772151899	1	4.42896094930035
"33"	0.966666666666667	0.974683544303797	0.909090909090909	4.91594164350498
"34"	0.977777777777778	0.974683544303797	1	3.85269541416453
"35"	0.988888888888889	1	0.909090909090909	4.98485317518328
"36"	0.977777777777778	0.987341772151899	0.909090909090909	4.36360437619917
"37"	0.966666666666667	0.962025316455696	1	4.32780569061264
"38"	0.988888888888889	0.987341772151899	1	4.20857744431419
"39"	0.966666666666667	0.962025316455696	1	3.98081506397011
"40"	0.988888888888889	0.987341772151899	1	3.91107424213345
"41"	0.977777777777778	0.974683544303797	1	4.06317213648001
"42"	0.988888888888889	0.987341772151899	1	3.66707027113152
"43"	0.977777777777778	0.987341772151899	0.909090909090909	4.47249912983299
"44"	0.944444444444444	0.936708860759494	1	4.54813546671167
"45"	0.988888888888889	0.987341772151899	1	4.10367564427764
"46"	0.955555555555556	0.962025316455696	0.909090909090909	4.26637291807845
"47"	0.977777777777778	0.987341772151899	0.909090909090909	4.40654456727724
"48"	0.966666666666667	0.962025316455696	1	4.14758718905693
"49"	0.955555555555556	0.962025316455696	0.909090909090909	4.60439228950029
"50"	1	1	1	3.93026725197683
"51"	0.988888888888889	0.987341772151899	1	4.1832454155544
"52"	0.977777777777778	0.974683544303797	1	3.98450388940596
"53"	0.977777777777778	0.974683544303797	1	4.63499670332734
"54"	0.988888888888889	1	0.909090909090909	4.87986400229375
"55"	0.966666666666667	0.962025316455696	1	4.41747951667284
"56"	0.988888888888889	0.987341772151899	1	4.13537506022116
"57"	0.977777777777778	0.974683544303797	1	5.01298200483332
"58"	0.977777777777778	0.974683544303797	1	4.16331464636843
"59"	0.977777777777778	0.974683544303797	1	3.93403902547192
"60"	1	1	1	4.50299827045111
"61"	1	1	1	4.24559540025757
"62"	0.966666666666667	0.962025316455696	1	4.40990602039362
"63"	0.966666666666667	0.962025316455696	1	4.68077152247815
"64"	0.977777777777778	0.974683544303797	1	4.87228707186825
"65"	0.988888888888889	0.987341772151899	1	4.68517863499585
"66"	0.988888888888889	0.987341772151899	1	4.50077715566841
"67"	0.977777777777778	0.974683544303797	1	4.83222809804882
"68"	0.977777777777778	0.974683544303797	1	3.91054313775249
"69"	0.966666666666667	0.962025316455696	1	4.48262512974533
"70"	0.988888888888889	0.987341772151899	1	3.95195722372455
"71"	1	1	1	4.12450385493315
"72"	0.988888888888889	0.987341772151899	1	4.33773680892055
"73"	0.966666666666667	0.962025316455696	1	4.31039076570549
"74"	1	1	1	4.26846917366597
"75"	0.988888888888889	1	0.909090909090909	4.5286002824614
"76"	0.988888888888889	0.987341772151899	1	4.38159660417347
"77"	0.988888888888889	0.987341772151899	1	4.03624043631949
"78"	0.988888888888889	0.987341772151899	1	3.64583223176258
"79"	0.966666666666667	0.962025316455696	1	4.28604690967267
"80"	0.977777777777778	0.974683544303797	1	3.93696412656642
"81"	0.966666666666667	0.962025316455696	1	4.79223695323332
"82"	0.977777777777778	0.974683544303797	1	4.50806981462228
"83"	0.977777777777778	0.974683544303797	1	4.15793101333582
"84"	0.988888888888889	0.987341772151899	1	4.43040830423377
"85"	0.977777777777778	0.987341772151899	0.909090909090909	4.19718687563631
"86"	0.988888888888889	0.987341772151899	1	4.03941665218128
"87"	1	1	1	3.98331987405058
"88"	0.966666666666667	0.962025316455696	1	4.18381830007803
"89"	0.988888888888889	1	0.909090909090909	4.05040992337574
"90"	1	1	1	4.95710227392329
"91"	0.977777777777778	0.987341772151899	0.909090909090909	4.42361094896353
"92"	0.977777777777778	0.974683544303797	1	4.38595359261033
"93"	0.988888888888889	0.987341772151899	1	4.37587702887385
"94"	0.977777777777778	0.987341772151899	0.909090909090909	4.60638681603454
"95"	0.977777777777778	0.987341772151899	0.909090909090909	4.33998498144997
"96"	0.977777777777778	0.987341772151899	0.909090909090909	4.61325859000488
"97"	0.977777777777778	0.974683544303797	1	3.75325078016596
"98"	0.977777777777778	0.987341772151899	0.909090909090909	4.56132260702301
"99"	0.988888888888889	0.987341772151899	1	4.02686216316833
"100"	1	1	1	4.13347326631623
"101"	0.988888888888889	0.987341772151899	1	4.70174053251188
"102"	0.955555555555556	0.949367088607595	1	4.31000663310448
"103"	1	1	1	3.94231664245585
"104"	0.977777777777778	0.974683544303797	1	3.90143867724234
"105"	0.933333333333333	0.936708860759494	0.909090909090909	5.30059065662612
"106"	0.988888888888889	0.987341772151899	1	4.20879896567243
"107"	0.977777777777778	0.974683544303797	1	4.35222925500965
"108"	0.988888888888889	1	0.909090909090909	4.03194570464969
"109"	0.966666666666667	0.962025316455696	1	5.05757683290555
"110"	0.977777777777778	0.987341772151899	0.909090909090909	3.75911143106873
"111"	1	1	1	4.28073487070927
"112"	0.988888888888889	0.987341772151899	1	4.72283326814101
"113"	0.977777777777778	0.987341772151899	0.909090909090909	4.52323429704253
"114"	1	1	1	3.78989590951544
"115"	0.977777777777778	0.974683544303797	1	4.10586997217046
"116"	0.988888888888889	0.987341772151899	1	4.41972642769654
"117"	1	1	1	3.94449717288989
"118"	1	1	1	3.89496114692407
"119"	1	1	1	4.47167958804622
"120"	1	1	1	4.21398069927042
"121"	1	1	1	4.14145900210651
"122"	0.977777777777778	0.974683544303797	1	5.34660470978782
"123"	0.988888888888889	0.987341772151899	1	4.38136137331348
"124"	1	1	1	4.2835927045213
"125"	1	1	1	4.76278385105932
"126"	0.977777777777778	0.987341772151899	0.909090909090909	4.21173797402365
"127"	0.988888888888889	1	0.909090909090909	4.20642460778897
"128"	0.977777777777778	0.974683544303797	1	4.29036157275151
"129"	0.988888888888889	0.987341772151899	1	3.94871295366615
"130"	0.966666666666667	0.974683544303797	0.909090909090909	4.57098458521553
"131"	0.977777777777778	0.974683544303797	1	4.38085487733205
"132"	0.988888888888889	1	0.909090909090909	4.2263626564955
"133"	0.977777777777778	0.974683544303797	1	4.4981888015872
"134"	0.944444444444444	0.936708860759494	1	4.26224288775781
"135"	0.988888888888889	0.987341772151899	1	4.58785202805258
"136"	0.966666666666667	0.962025316455696	1	4.52517770426778
"137"	0.966666666666667	0.962025316455696	1	4.12337924436634
"138"	0.988888888888889	0.987341772151899	1	4.15029999111001
"139"	0.977777777777778	0.987341772151899	0.909090909090909	4.07988869430454
"140"	0.988888888888889	0.987341772151899	1	4.34665331159541
"141"	1	1	1	4.7266551853351
"142"	0.966666666666667	0.962025316455696	1	4.34931278936195
"143"	0.977777777777778	0.987341772151899	0.909090909090909	4.65241006509678
"144"	1	1	1	3.97276852937389
"145"	1	1	1	4.65151407829285
"146"	1	1	1	3.94006186831323
"147"	0.966666666666667	0.974683544303797	0.909090909090909	4.28141417615341
"148"	0.988888888888889	0.987341772151899	1	3.88973385137089
"149"	0.977777777777778	0.974683544303797	1	4.45240063026146
"150"	0.988888888888889	1	0.909090909090909	4.4333329899834
"151"	0.955555555555556	0.949367088607595	1	4.54778406153509
"152"	0.966666666666667	0.962025316455696	1	4.28546155901484
"153"	1	1	1	4.0510048956048
"154"	0.966666666666667	0.962025316455696	1	4.55245001556655
"155"	1	1	1	4.69321745137147
"156"	0.988888888888889	0.987341772151899	1	4.28324497868276
"157"	0.977777777777778	0.974683544303797	1	4.35749993655356
"158"	0.966666666666667	0.974683544303797	0.909090909090909	4.720868359219
"159"	0.988888888888889	0.987341772151899	1	4.2284589288661
"160"	0.988888888888889	0.987341772151899	1	4.22414257873628
"161"	0.988888888888889	0.987341772151899	1	4.56175724143775
"162"	0.966666666666667	0.962025316455696	1	4.33270793158796
"163"	0.966666666666667	0.962025316455696	1	4.14361436570828
"164"	0.977777777777778	0.974683544303797	1	4.34027434590018
"165"	1	1	1	3.53836160576614
"166"	0.977777777777778	0.974683544303797	1	4.3735202909174
"167"	0.977777777777778	0.974683544303797	1	4.01959915648975
"168"	0.977777777777778	0.987341772151899	0.909090909090909	4.22053703469894
"169"	1	1	1	4.15912769381052
"170"	0.977777777777778	0.974683544303797	1	4.32529908754592
"171"	0.977777777777778	0.974683544303797	1	4.15889653389511
"172"	0.988888888888889	0.987341772151899	1	4.18240348592017
"173"	1	1	1	3.71328906834006
"174"	1	1	1	3.88229966934246
"175"	0.988888888888889	0.987341772151899	1	4.47798520986397
"176"	0.988888888888889	0.987341772151899	1	4.1455151133221
"177"	0.966666666666667	0.974683544303797	0.909090909090909	4.587310488581
"178"	0.988888888888889	0.987341772151899	1	4.33496891037512
"179"	0.977777777777778	0.987341772151899	0.909090909090909	4.3854063768337
"180"	0.977777777777778	0.974683544303797	1	4.16544215072583
"181"	0.966666666666667	0.962025316455696	1	4.49072779508239
"182"	0.988888888888889	0.987341772151899	1	4.21712284487208
"183"	0.944444444444444	0.936708860759494	1	4.34878572021757
"184"	0.977777777777778	0.987341772151899	0.909090909090909	4.17877655598176
"185"	0.988888888888889	1	0.909090909090909	4.4721240231233
"186"	0.988888888888889	0.987341772151899	1	3.81213946092358
"187"	0.977777777777778	0.974683544303797	1	4.65587885076413
"188"	0.977777777777778	0.974683544303797	1	4.25040648738938
"189"	0.955555555555556	0.962025316455696	0.909090909090909	4.53587254390826
"190"	0.977777777777778	0.974683544303797	1	4.13863248281024
"191"	0.966666666666667	0.962025316455696	1	4.51579370578119
"192"	0.988888888888889	0.987341772151899	1	4.18219679857541
"193"	0.966666666666667	0.962025316455696	1	3.92101099003967
"194"	1	1	1	3.97871859185464
"195"	0.977777777777778	0.974683544303797	1	4.02953002849732
"196"	0.977777777777778	0.974683544303797	1	4.34234787481356
"197"	0.966666666666667	0.962025316455696	1	4.37194230868205
"198"	0.977777777777778	0.987341772151899	0.909090909090909	4.81536941867114
"199"	0.988888888888889	0.987341772151899	1	4.34164926727732
"200"	1	1	1	4.23577163971192
"201"	0.988888888888889	0.987341772151899	1	4.34943641366787
"202"	0.988888888888889	0.987341772151899	1	4.34257740162973
"203"	0.988888888888889	0.987341772151899	1	4.24579504092181
"204"	0.977777777777778	0.974683544303797	1	3.90762204282193
"205"	0.944444444444444	0.949367088607595	0.909090909090909	5.42495806782182
"206"	0.988888888888889	0.987341772151899	1	4.10043126063922
"207"	1	1	1	4.25058762184574
"208"	0.955555555555556	0.962025316455696	0.909090909090909	4.37489271419856
"209"	0.966666666666667	0.962025316455696	1	4.86864186364712
"210"	0.977777777777778	0.987341772151899	0.909090909090909	4.08850801773897
"211"	0.988888888888889	1	0.909090909090909	4.40321877147119
"212"	0.988888888888889	1	0.909090909090909	4.13657024906307
"213"	0.966666666666667	0.974683544303797	0.909090909090909	4.35635331201988
"214"	1	1	1	4.32420033402152
"215"	0.988888888888889	0.987341772151899	1	4.21743568471228
"216"	0.966666666666667	0.962025316455696	1	4.20041854321526
"217"	1	1	1	3.77752477393449
"218"	0.955555555555556	0.962025316455696	0.909090909090909	4.73130151927472
"219"	0.988888888888889	0.987341772151899	1	4.17931055965612
"220"	0.988888888888889	0.987341772151899	1	4.24916178647
"221"	0.977777777777778	0.974683544303797	1	4.17266898249423
"222"	0.977777777777778	0.974683544303797	1	4.57957168861468
"223"	1	1	1	4.47121782735544
"224"	1	1	1	4.07835320970995
"225"	0.977777777777778	0.987341772151899	0.909090909090909	4.48265377165567
"226"	0.966666666666667	0.962025316455696	1	4.77661164666312
"227"	0.988888888888889	0.987341772151899	1	4.65605152642932
"228"	0.988888888888889	0.987341772151899	1	3.99722972457516
"229"	0.966666666666667	0.962025316455696	1	4.14841111655777
"230"	0.988888888888889	0.987341772151899	1	4.3356494001712
"231"	0.988888888888889	0.987341772151899	1	4.36607529906571
"232"	0.988888888888889	0.987341772151899	1	3.84896002732689
"233"	0.966666666666667	0.974683544303797	0.909090909090909	4.14321922411873
"234"	0.988888888888889	0.987341772151899	1	4.78363318313698
"235"	0.988888888888889	0.987341772151899	1	4.65830443003497
"236"	0.955555555555556	0.949367088607595	1	4.54121406567062
"237"	0.966666666666667	0.962025316455696	1	4.12520782713933
"238"	0.977777777777778	0.974683544303797	1	4.53409563489734
"239"	0.977777777777778	0.974683544303797	1	4.58953080965946
"240"	1	1	1	4.31179897023586
"241"	0.988888888888889	1	0.909090909090909	4.71610763221248
"242"	0.977777777777778	0.974683544303797	1	4.53021463020749
"243"	0.988888888888889	1	0.909090909090909	4.24340749273905
"244"	0.988888888888889	0.987341772151899	1	4.04034078393175
"245"	0.977777777777778	0.974683544303797	1	4.34779305134851
"246"	1	1	1	4.28136792447145
"247"	0.988888888888889	0.987341772151899	1	4.25908398305233
"248"	0.933333333333333	0.936708860759494	0.909090909090909	4.47692072644717
"249"	0.988888888888889	0.987341772151899	1	3.95822814111718
"250"	0.988888888888889	0.987341772151899	1	3.74941859047076
"251"	1	1	1	4.00109883958422
"252"	1	1	1	4.51034705252878
"253"	0.977777777777778	0.974683544303797	1	5.05923686613959
"254"	1	1	1	4.26534040490422
"255"	1	1	1	4.22462295067414
"256"	0.977777777777778	0.974683544303797	1	4.20433488266512
"257"	0.955555555555556	0.949367088607595	1	4.17439949531645
"258"	1	1	1	4.24829331908361
"259"	0.977777777777778	0.974683544303797	1	4.11236253429565
"260"	0.977777777777778	0.974683544303797	1	4.02134880451611
"261"	0.966666666666667	0.962025316455696	1	4.29364355275687
"262"	0.977777777777778	0.974683544303797	1	4.42054483804794
"263"	0.977777777777778	0.974683544303797	1	3.83503281356428
"264"	1	1	1	3.96692784469187
"265"	0.977777777777778	0.974683544303797	1	4.54162831673261
"266"	1	1	1	4.32401460521428
"267"	1	1	1	4.05436491576172
"268"	0.977777777777778	0.974683544303797	1	4.59484464814444
"269"	0.977777777777778	0.974683544303797	1	4.24832884029161
"270"	0.988888888888889	0.987341772151899	1	4.54584722409028
"271"	1	1	1	4.02986525702132
"272"	1	1	1	4.33364522673733
"273"	1	1	1	4.14832823180583
"274"	0.977777777777778	0.974683544303797	1	4.32577333215316
"275"	0.977777777777778	0.987341772151899	0.909090909090909	4.57122601415303
"276"	1	1	1	4.46646962549117
"277"	0.955555555555556	0.962025316455696	0.909090909090909	4.50135145003755
"278"	0.988888888888889	0.987341772151899	1	3.67613314365744
"279"	0.966666666666667	0.962025316455696	1	4.39893125118273
"280"	0.988888888888889	0.987341772151899	1	3.98103929062925
"281"	0.966666666666667	0.962025316455696	1	3.94671950023181
"282"	0.988888888888889	1	0.909090909090909	3.98702015974297
"283"	0.977777777777778	0.974683544303797	1	4.34305079638337
"284"	1	1	1	4.532183171884
"285"	0.988888888888889	1	0.909090909090909	4.27020610186017
"286"	1	1	1	4.16994167831284
"287"	0.966666666666667	0.962025316455696	1	4.3521873711108
"288"	0.977777777777778	0.974683544303797	1	4.14259694173514
"289"	0.977777777777778	0.974683544303797	1	4.05970425919402
"290"	0.988888888888889	0.987341772151899	1	4.33946965065646
"291"	0.966666666666667	0.974683544303797	0.909090909090909	3.98874974206649
"292"	0.988888888888889	0.987341772151899	1	4.2021009533127
"293"	0.977777777777778	0.974683544303797	1	4.42747636730485
"294"	0.977777777777778	0.987341772151899	0.909090909090909	4.6079140905261
"295"	0.966666666666667	0.974683544303797	0.909090909090909	4.81695945974136
"296"	0.977777777777778	0.974683544303797	1	4.44476748510998
"297"	0.977777777777778	0.987341772151899	0.909090909090909	4.86315820325272
"298"	0.988888888888889	0.987341772151899	1	4.26211654003163
"299"	1	1	1	4.22293599827495
"300"	1	1	1	4.33141780542922
"301"	0.988888888888889	0.987341772151899	1	4.12539963759797
"302"	1	1	1	4.01000340928974
"303"	0.988888888888889	1	0.909090909090909	4.06671800099731
"304"	1	1	1	4.13885945356588
"305"	1	1	1	3.91713495273002
"306"	0.977777777777778	0.987341772151899	0.909090909090909	4.5309739005993
"307"	0.955555555555556	0.949367088607595	1	4.68941107888371
"308"	0.988888888888889	0.987341772151899	1	4.33567511914102
"309"	0.977777777777778	0.974683544303797	1	4.19080466039663
"310"	1	1	1	3.54993550035906
"311"	1	1	1	3.99686182880357
"312"	0.988888888888889	1	0.909090909090909	4.01212856262936
"313"	1	1	1	4.05265916090188
"314"	0.988888888888889	0.987341772151899	1	4.1642387074268
"315"	0.988888888888889	0.987341772151899	1	3.93783314559279
"316"	0.988888888888889	1	0.909090909090909	4.46954270259979
"317"	0.988888888888889	0.987341772151899	1	3.95663688656461
"318"	0.988888888888889	0.987341772151899	1	4.29145269302061
"319"	1	1	1	4.34060053619952
"320"	0.988888888888889	0.987341772151899	1	4.59940097027073
"321"	0.988888888888889	0.987341772151899	1	4.07671779213061
"322"	0.966666666666667	0.974683544303797	0.909090909090909	4.30205070211251
"323"	1	1	1	4.28194607581369
"324"	1	1	1	4.42783548437929
"325"	1	1	1	4.10818064999874
"326"	0.977777777777778	0.987341772151899	0.909090909090909	4.69996542879996
"327"	0.966666666666667	0.974683544303797	0.909090909090909	4.46444740334627
"328"	0.988888888888889	0.987341772151899	1	4.14439620390924
"329"	0.988888888888889	0.987341772151899	1	4.12766589364879
"330"	0.977777777777778	0.974683544303797	1	4.238405232341
"331"	0.977777777777778	0.987341772151899	0.909090909090909	4.2994535097136
"332"	0.988888888888889	0.987341772151899	1	4.29027895795403
"333"	0.988888888888889	1	0.909090909090909	4.42619175708903
"334"	0.977777777777778	0.987341772151899	0.909090909090909	4.80027809902788
"335"	1	1	1	4.37581452714724
"336"	1	1	1	4.25772882167397
"337"	1	1	1	4.06579604248575
"338"	1	1	1	4.40569943151933
"339"	1	1	1	4.74204403994304
"340"	0.966666666666667	0.962025316455696	1	5.05088393709967
"341"	0.977777777777778	0.974683544303797	1	4.22982726166099
"342"	1	1	1	4.03449017942937
"343"	0.977777777777778	0.974683544303797	1	4.17155106707915
"344"	0.988888888888889	0.987341772151899	1	4.47063621341268
"345"	0.966666666666667	0.962025316455696	1	4.44023875585738
"346"	0.944444444444444	0.936708860759494	1	3.95979773355333
"347"	0.977777777777778	0.974683544303797	1	4.03577836958591
"348"	0.988888888888889	0.987341772151899	1	3.96431204681534
"349"	0.977777777777778	0.974683544303797	1	4.00290239652466
"350"	0.966666666666667	0.987341772151899	0.818181818181818	4.74380530902493
"351"	0.988888888888889	0.987341772151899	1	4.36389248256588
"352"	0.988888888888889	0.987341772151899	1	4.1413589970897
"353"	1	1	1	3.66819295530091
"354"	1	1	1	3.97850899511524
"355"	0.988888888888889	0.987341772151899	1	4.72644073517341
"356"	0.988888888888889	0.987341772151899	1	4.45472060863426
"357"	0.977777777777778	0.987341772151899	0.909090909090909	4.27392841385146
"358"	1	1	1	4.1441114583259
"359"	1	1	1	4.38807531947643
"360"	0.966666666666667	0.974683544303797	0.909090909090909	4.48050389402706
"361"	0.988888888888889	0.987341772151899	1	4.37096387538983
"362"	1	1	1	3.71666907494321
"363"	0.988888888888889	0.987341772151899	1	4.16295295041613
"364"	0.966666666666667	0.962025316455696	1	5.14315528201146
"365"	0.988888888888889	0.987341772151899	1	4.33283938259654
"366"	0.966666666666667	0.962025316455696	1	4.38053354792431
"367"	1	1	1	4.1566676670116
"368"	1	1	1	3.8379844482821
"369"	1	1	1	4.4234985427747
"370"	0.977777777777778	0.974683544303797	1	3.92749394778949
"371"	0.988888888888889	0.987341772151899	1	4.55139185091236
"372"	0.977777777777778	0.974683544303797	1	4.48228517906143
"373"	0.988888888888889	0.987341772151899	1	4.61826605808516
"374"	0.977777777777778	0.974683544303797	1	4.33085248797576
"375"	0.988888888888889	0.987341772151899	1	4.40958567138913
"376"	0.977777777777778	0.974683544303797	1	4.25689783925764
"377"	1	1	1	4.72929838533582
"378"	0.966666666666667	0.962025316455696	1	4.50620687489419
"379"	0.977777777777778	0.987341772151899	0.909090909090909	4.54769807994489
"380"	1	1	1	4.46631778728643
"381"	0.988888888888889	0.987341772151899	1	4.00428251908687
"382"	0.977777777777778	0.974683544303797	1	4.22941091291491
"383"	0.988888888888889	0.987341772151899	1	4.22629143497358
"384"	1	1	1	4.27268514141472
"385"	0.988888888888889	0.987341772151899	1	3.94310733828918
"386"	1	1	1	3.97416566799431
"387"	1	1	1	4.22648399885774
"388"	0.988888888888889	0.987341772151899	1	4.4360026270345
"389"	0.977777777777778	0.974683544303797	1	3.93350295742938
"390"	0.966666666666667	0.962025316455696	1	4.63595041190189
"391"	0.977777777777778	0.974683544303797	1	3.82366641121101
"392"	0.977777777777778	0.974683544303797	1	4.39854594360513
"393"	1	1	1	4.53818941952236
"394"	0.988888888888889	0.987341772151899	1	4.03394154664698
"395"	0.988888888888889	0.987341772151899	1	4.11954118301823
"396"	0.988888888888889	1	0.909090909090909	4.34570235817271
"397"	0.977777777777778	0.987341772151899	0.909090909090909	4.30147843160767
"398"	0.977777777777778	0.974683544303797	1	4.28599415300963
"399"	0.988888888888889	0.987341772151899	1	3.82126117398615
"400"	0.977777777777778	0.974683544303797	1	4.08300691163273
"401"	0.977777777777778	0.974683544303797	1	4.53097176108496
"402"	1	1	1	4.33470660831499
"403"	0.988888888888889	0.987341772151899	1	4.31885407592623
"404"	0.966666666666667	0.974683544303797	0.909090909090909	4.26409018874054
"405"	1	1	1	4.66862585187857
"406"	1	1	1	3.88800822979204
"407"	0.977777777777778	0.974683544303797	1	4.3830959763031
"408"	0.966666666666667	0.974683544303797	0.909090909090909	4.41936596660917
"409"	0.988888888888889	0.987341772151899	1	4.15342786810873
"410"	1	1	1	3.84356557599697
"411"	0.977777777777778	0.987341772151899	0.909090909090909	4.03848095009385
"412"	0.955555555555556	0.949367088607595	1	4.62752884603699
"413"	0.988888888888889	0.987341772151899	1	3.93861335651536
"414"	1	1	1	4.13645272479643
"415"	0.988888888888889	0.987341772151899	1	4.27039857157903
"416"	1	1	1	4.07339132988515
"417"	1	1	1	4.15352393566997
"418"	0.977777777777778	0.987341772151899	0.909090909090909	4.84685803476289
"419"	1	1	1	4.23584496994863
"420"	0.977777777777778	0.974683544303797	1	3.89339887744154
"421"	1	1	1	4.24309400121563
"422"	0.988888888888889	0.987341772151899	1	4.37484096848859
"423"	0.966666666666667	0.962025316455696	1	4.38419619086359
"424"	1	1	1	4.23893074732092
"425"	0.977777777777778	0.974683544303797	1	4.25318369335433
"426"	0.977777777777778	0.974683544303797	1	4.3121082481176
"427"	1	1	1	3.88234471183471
"428"	0.977777777777778	0.987341772151899	0.909090909090909	4.31833224808489
"429"	1	1	1	3.97705941663236
"430"	0.966666666666667	0.962025316455696	1	3.94946965571084
"431"	1	1	1	3.97505764724791
"432"	0.977777777777778	0.974683544303797	1	4.266375182016
"433"	0.922222222222222	0.924050632911392	0.909090909090909	4.9483164420174
"434"	0.988888888888889	0.987341772151899	1	3.9961054831769
"435"	0.988888888888889	0.987341772151899	1	4.12693348246155
"436"	0.988888888888889	1	0.909090909090909	3.70577082623269
"437"	0.966666666666667	0.962025316455696	1	4.03424053686969
"438"	0.988888888888889	0.987341772151899	1	3.90595094260066
"439"	0.988888888888889	0.987341772151899	1	4.69698199042486
"440"	0.988888888888889	1	0.909090909090909	4.28978328590241
"441"	1	1	1	4.06237689913932
"442"	1	1	1	4.16003059782951
"443"	1	1	1	4.04538025173542
"444"	0.988888888888889	0.987341772151899	1	4.07453704057218
"445"	0.977777777777778	0.974683544303797	1	4.58861348651813
"446"	0.977777777777778	0.974683544303797	1	4.78637649425072
"447"	1	1	1	4.28830251351336
"448"	0.977777777777778	0.974683544303797	1	4.15920870767202
"449"	0.966666666666667	0.962025316455696	1	3.86353972847267
"450"	0.977777777777778	0.974683544303797	1	4.23871605735983
"451"	0.977777777777778	0.974683544303797	1	4.7661489028132
"452"	0.988888888888889	0.987341772151899	1	4.17983204131888
"453"	0.988888888888889	0.987341772151899	1	4.56769424727515
"454"	0.966666666666667	0.962025316455696	1	4.1756410531174
"455"	0.988888888888889	0.987341772151899	1	4.21635326333962
"456"	0.988888888888889	0.987341772151899	1	4.46170857009541
"457"	0.966666666666667	0.974683544303797	0.909090909090909	4.12628291219708
"458"	0.988888888888889	0.987341772151899	1	4.51013242745747
"459"	0.977777777777778	0.974683544303797	1	4.30684201035943
"460"	0.977777777777778	0.987341772151899	0.909090909090909	4.59076815967045
"461"	0.988888888888889	1	0.909090909090909	4.03705067246505
"462"	0.988888888888889	0.987341772151899	1	4.33350571713663
"463"	0.988888888888889	1	0.909090909090909	4.22905017263266
"464"	0.988888888888889	0.987341772151899	1	3.80096437103599
"465"	0.977777777777778	0.974683544303797	1	4.13938352356131
"466"	0.977777777777778	0.987341772151899	0.909090909090909	4.30400421492382
"467"	0.988888888888889	0.987341772151899	1	4.69101174273592
"468"	0.988888888888889	0.987341772151899	1	4.50535612774011
"469"	0.966666666666667	0.962025316455696	1	4.54305585366041
"470"	1	1	1	4.56299399411857
"471"	0.966666666666667	0.987341772151899	0.818181818181818	4.91210019921997
"472"	0.966666666666667	0.962025316455696	1	3.85822576042217
"473"	1	1	1	3.87690444844421
"474"	1	1	1	4.27012802955472
"475"	1	1	1	4.49522473502752
"476"	0.966666666666667	0.962025316455696	1	4.43119927389856
"477"	0.988888888888889	0.987341772151899	1	4.08835440674672
"478"	0.988888888888889	0.987341772151899	1	4.03423244619388
"479"	0.966666666666667	0.974683544303797	0.909090909090909	4.34356483483499
"480"	0.955555555555556	0.962025316455696	0.909090909090909	4.75805811718726
"481"	0.966666666666667	0.974683544303797	0.909090909090909	4.34200917102962
"482"	1	1	1	3.97513422837438
"483"	0.977777777777778	0.974683544303797	1	4.01587589531288
"484"	0.977777777777778	0.987341772151899	0.909090909090909	4.06706767548003
"485"	1	1	1	4.42198240251496
"486"	0.977777777777778	0.974683544303797	1	4.8715606354737
"487"	1	1	1	3.77873032345191
"488"	0.977777777777778	0.974683544303797	1	4.52698675753096
"489"	1	1	1	4.01433802419283
"490"	0.955555555555556	0.949367088607595	1	4.48722686063233
"491"	1	1	1	4.25903374475881
"492"	0.988888888888889	0.987341772151899	1	4.57138180368032
"493"	0.977777777777778	0.974683544303797	1	4.39926229589069
"494"	0.988888888888889	0.987341772151899	1	3.98954472317
"495"	1	1	1	4.07993882907106
"496"	1	1	1	3.81486041097687
"497"	0.977777777777778	0.974683544303797	1	4.18897830046018
"498"	0.988888888888889	0.987341772151899	1	4.23645358299177
"499"	1	1	1	4.01788326258478
"500"	0.966666666666667	0.974683544303797	0.909090909090909	5.20966097345771
