"Accuracy"	"Sensitivity"	"Specificity"	"T2"
"1"	0.988888888888889	0.987341772151899	1	3.24450445697014
"2"	1	1	1	2.72407446048656
"3"	0.988888888888889	0.987341772151899	1	3.72320173763829
"4"	0.966666666666667	0.962025316455696	1	3.55204002674795
"5"	0.988888888888889	0.987341772151899	1	2.9577230496014
"6"	1	1	1	3.39597331071019
"7"	1	1	1	2.99107817165529
"8"	0.977777777777778	0.974683544303797	1	3.13625850280307
"9"	0.977777777777778	0.974683544303797	1	3.12423217755494
"10"	0.955555555555556	0.949367088607595	1	3.57795059471503
"11"	0.966666666666667	0.962025316455696	1	3.14084291986449
"12"	0.966666666666667	0.962025316455696	1	2.88819505443448
"13"	0.988888888888889	0.987341772151899	1	3.14686184136339
"14"	0.966666666666667	0.962025316455696	1	3.27375215323257
"15"	0.977777777777778	0.974683544303797	1	3.36645066561121
"16"	0.988888888888889	0.987341772151899	1	3.72763235074944
"17"	0.966666666666667	0.962025316455696	1	3.78496122972595
"18"	0.988888888888889	0.987341772151899	1	3.18298052501801
"19"	0.977777777777778	0.974683544303797	1	3.15657291396197
"20"	0.977777777777778	0.974683544303797	1	3.24730058590392
"21"	0.944444444444444	0.949367088607595	0.909090909090909	3.28803590846161
"22"	0.966666666666667	0.962025316455696	1	3.27625709434455
"23"	1	1	1	3.12263965698001
"24"	0.955555555555556	0.949367088607595	1	3.29546373541648
"25"	0.966666666666667	0.962025316455696	1	3.089458367862
"26"	0.966666666666667	0.962025316455696	1	3.42100499994518
"27"	0.955555555555556	0.949367088607595	1	3.15456780613479
"28"	0.955555555555556	0.962025316455696	0.909090909090909	3.13282626760186
"29"	0.988888888888889	0.987341772151899	1	3.24921940128364
"30"	0.977777777777778	0.974683544303797	1	3.46009652677207
"31"	0.977777777777778	0.974683544303797	1	3.09496967144891
"32"	1	1	1	3.06472895348622
"33"	0.977777777777778	0.974683544303797	1	3.53645058370911
"34"	0.977777777777778	0.974683544303797	1	3.17896055220266
"35"	0.977777777777778	0.974683544303797	1	3.48416623068018
"36"	0.966666666666667	0.962025316455696	1	3.52284261606076
"37"	0.988888888888889	0.987341772151899	1	3.38538181118365
"38"	0.977777777777778	0.974683544303797	1	3.41288008778838
"39"	0.977777777777778	0.974683544303797	1	2.97042871686184
"40"	0.988888888888889	0.987341772151899	1	3.09108091064606
"41"	0.966666666666667	0.962025316455696	1	3.13692713376341
"42"	0.988888888888889	0.987341772151899	1	3.10007393597573
"43"	0.977777777777778	0.974683544303797	1	2.8649872362817
"44"	1	1	1	2.82952582390854
"45"	0.955555555555556	0.962025316455696	0.909090909090909	3.37915430865604
"46"	0.977777777777778	0.987341772151899	0.909090909090909	3.51769160572351
"47"	0.988888888888889	0.987341772151899	1	3.05297912810196
"48"	0.988888888888889	0.987341772151899	1	3.23089160564459
"49"	0.977777777777778	0.974683544303797	1	2.86552967981136
"50"	0.955555555555556	0.949367088607595	1	3.53988103040702
"51"	0.966666666666667	0.974683544303797	0.909090909090909	3.18070434497915
"52"	0.988888888888889	0.987341772151899	1	3.13800289357999
"53"	0.977777777777778	0.974683544303797	1	3.10916551955128
"54"	0.966666666666667	0.974683544303797	0.909090909090909	3.63881946466166
"55"	0.988888888888889	1	0.909090909090909	3.61354455244308
"56"	0.944444444444444	0.962025316455696	0.818181818181818	3.35387100017867
"57"	0.988888888888889	0.987341772151899	1	3.36789403926672
"58"	0.988888888888889	0.987341772151899	1	3.24079856707703
"59"	1	1	1	3.2284752236169
"60"	0.977777777777778	0.974683544303797	1	3.40750758836936
"61"	0.944444444444444	0.936708860759494	1	3.36173741901507
"62"	0.955555555555556	0.949367088607595	1	3.12040913093755
"63"	0.988888888888889	0.987341772151899	1	3.46142296765879
"64"	0.955555555555556	0.962025316455696	0.909090909090909	3.17885925331564
"65"	0.955555555555556	0.962025316455696	0.909090909090909	3.66054653227669
"66"	0.966666666666667	0.962025316455696	1	3.37005026157943
"67"	0.966666666666667	0.974683544303797	0.909090909090909	3.32748355868462
"68"	0.977777777777778	0.987341772151899	0.909090909090909	3.27544218444719
"69"	0.933333333333333	0.924050632911392	1	3.20108897603579
"70"	0.988888888888889	0.987341772151899	1	2.84684318593829
"71"	0.977777777777778	0.987341772151899	0.909090909090909	3.32158188758513
"72"	0.977777777777778	0.974683544303797	1	3.16828813888501
"73"	1	1	1	3.34762399104611
"74"	0.955555555555556	0.949367088607595	1	3.69244236378585
"75"	0.977777777777778	0.987341772151899	0.909090909090909	3.23622698465936
"76"	0.966666666666667	0.962025316455696	1	3.14349712038543
"77"	0.966666666666667	0.962025316455696	1	3.54751403544129
"78"	0.988888888888889	0.987341772151899	1	3.34741714895213
"79"	0.955555555555556	0.949367088607595	1	3.1065853226948
"80"	0.977777777777778	0.974683544303797	1	3.42565049787746
"81"	0.966666666666667	0.962025316455696	1	3.10844570444534
"82"	0.966666666666667	0.962025316455696	1	3.13748630224069
"83"	1	1	1	3.0328693416004
"84"	0.966666666666667	0.974683544303797	0.909090909090909	3.30094873256842
"85"	0.966666666666667	0.962025316455696	1	3.07485285951482
"86"	0.966666666666667	0.974683544303797	0.909090909090909	3.30554093909534
"87"	0.966666666666667	0.987341772151899	0.818181818181818	3.40322345575084
"88"	0.977777777777778	0.974683544303797	1	3.33215775348826
"89"	0.955555555555556	0.962025316455696	0.909090909090909	3.83758752369352
"90"	0.977777777777778	0.974683544303797	1	3.48253989401702
"91"	0.988888888888889	1	0.909090909090909	3.43196027052917
"92"	0.977777777777778	0.974683544303797	1	2.98437084710197
"93"	1	1	1	3.01890221284599
"94"	0.977777777777778	0.974683544303797	1	3.24259355329672
"95"	0.977777777777778	0.974683544303797	1	3.16404634550395
"96"	0.988888888888889	0.987341772151899	1	3.1736439528933
"97"	0.977777777777778	0.974683544303797	1	3.52820648795317
"98"	0.966666666666667	0.974683544303797	0.909090909090909	3.61528947717583
"99"	0.933333333333333	0.924050632911392	1	3.26239408614998
"100"	0.933333333333333	0.924050632911392	1	3.15166901393899
"101"	0.966666666666667	0.962025316455696	1	3.39488983397697
"102"	1	1	1	2.99652335826474
"103"	0.966666666666667	0.962025316455696	1	3.31102227704315
"104"	1	1	1	3.19980679279704
"105"	0.966666666666667	0.974683544303797	0.909090909090909	3.33277892160649
"106"	0.988888888888889	0.987341772151899	1	3.27630400543719
"107"	0.966666666666667	0.974683544303797	0.909090909090909	3.33186145837174
"108"	0.977777777777778	0.974683544303797	1	3.10189612693944
"109"	0.977777777777778	0.974683544303797	1	3.02995500016836
"110"	1	1	1	2.97542416928515
"111"	0.966666666666667	0.962025316455696	1	3.3657218140342
"112"	0.988888888888889	0.987341772151899	1	2.87990285807882
"113"	0.966666666666667	0.962025316455696	1	3.56756608084545
"114"	0.988888888888889	0.987341772151899	1	3.83649629571224
"115"	0.988888888888889	0.987341772151899	1	3.18109274298659
"116"	0.977777777777778	0.974683544303797	1	3.30758281961858
"117"	0.955555555555556	0.949367088607595	1	3.01910285111049
"118"	0.966666666666667	0.974683544303797	0.909090909090909	3.24996283015293
"119"	0.966666666666667	0.974683544303797	0.909090909090909	2.88139581226578
"120"	0.966666666666667	0.962025316455696	1	3.6588395283798
"121"	0.977777777777778	0.974683544303797	1	3.12627758759491
"122"	0.922222222222222	0.911392405063291	1	3.48858923504442
"123"	1	1	1	3.19413761262723
"124"	0.988888888888889	0.987341772151899	1	2.95506675034889
"125"	0.977777777777778	0.974683544303797	1	3.13075464762459
"126"	0.977777777777778	0.974683544303797	1	3.34907290560822
"127"	0.966666666666667	0.974683544303797	0.909090909090909	3.30697119385964
"128"	0.944444444444444	0.936708860759494	1	3.25179446475597
"129"	1	1	1	3.1074018629923
"130"	0.988888888888889	0.987341772151899	1	3.41427118146757
"131"	0.977777777777778	0.974683544303797	1	3.23625248226312
"132"	0.955555555555556	0.949367088607595	1	3.22841298642372
"133"	0.977777777777778	0.974683544303797	1	3.31977292419362
"134"	0.966666666666667	0.962025316455696	1	3.2619652214794
"135"	0.977777777777778	0.987341772151899	0.909090909090909	3.24454892161991
"136"	0.966666666666667	0.962025316455696	1	2.84671196913404
"137"	0.977777777777778	0.974683544303797	1	3.40954938597427
"138"	0.988888888888889	0.987341772151899	1	2.92671954853835
"139"	0.955555555555556	0.962025316455696	0.909090909090909	3.37915414651174
"140"	0.977777777777778	0.974683544303797	1	3.68451021313315
"141"	1	1	1	3.08439269462787
"142"	0.977777777777778	0.974683544303797	1	2.98422380406121
"143"	0.977777777777778	0.974683544303797	1	3.14089315661575
"144"	0.966666666666667	0.962025316455696	1	3.52734966305666
"145"	0.944444444444444	0.936708860759494	1	3.03215404039579
"146"	0.988888888888889	0.987341772151899	1	3.21511196950967
"147"	0.988888888888889	0.987341772151899	1	3.06285174036888
"148"	0.977777777777778	0.974683544303797	1	3.34916736391683
"149"	0.988888888888889	0.987341772151899	1	3.60164530074479
"150"	0.977777777777778	0.987341772151899	0.909090909090909	3.27825289792933
"151"	0.977777777777778	0.974683544303797	1	3.5003025244812
"152"	0.966666666666667	0.962025316455696	1	3.20417960925522
"153"	0.966666666666667	0.962025316455696	1	3.20012544122483
"154"	1	1	1	3.24146626432212
"155"	0.977777777777778	0.974683544303797	1	2.85021653182398
"156"	0.988888888888889	0.987341772151899	1	3.53337111135866
"157"	0.955555555555556	0.949367088607595	1	3.05258688257894
"158"	0.988888888888889	0.987341772151899	1	3.19299209689416
"159"	0.955555555555556	0.949367088607595	1	3.402556807066
"160"	0.977777777777778	0.974683544303797	1	3.08104073774532
"161"	0.988888888888889	0.987341772151899	1	3.11818064881321
"162"	0.988888888888889	0.987341772151899	1	3.41416995031193
"163"	0.988888888888889	0.987341772151899	1	3.16754198845549
"164"	0.966666666666667	0.974683544303797	0.909090909090909	3.09022819348055
"165"	0.977777777777778	0.987341772151899	0.909090909090909	3.15820041056932
"166"	0.977777777777778	0.974683544303797	1	3.09131916271728
"167"	0.988888888888889	0.987341772151899	1	3.04145257258717
"168"	0.977777777777778	0.974683544303797	1	2.94307775579258
"169"	0.966666666666667	0.962025316455696	1	3.35276520738276
"170"	0.966666666666667	0.974683544303797	0.909090909090909	3.51076960583575
"171"	0.966666666666667	0.962025316455696	1	3.22595875095542
"172"	0.955555555555556	0.962025316455696	0.909090909090909	3.45076269962947
"173"	0.966666666666667	0.974683544303797	0.909090909090909	3.23191196235341
"174"	0.988888888888889	0.987341772151899	1	3.35343280893471
"175"	0.977777777777778	0.974683544303797	1	3.14036098079937
"176"	0.955555555555556	0.949367088607595	1	3.35132021013482
"177"	0.966666666666667	0.974683544303797	0.909090909090909	3.13765121731405
"178"	0.977777777777778	0.974683544303797	1	3.16391313447785
"179"	0.988888888888889	0.987341772151899	1	3.62618388698689
"180"	0.966666666666667	0.962025316455696	1	3.34896581187926
"181"	0.977777777777778	0.987341772151899	0.909090909090909	3.64171506757863
"182"	0.977777777777778	0.974683544303797	1	2.99595707576411
"183"	0.966666666666667	0.974683544303797	0.909090909090909	3.61295321127997
"184"	0.977777777777778	0.987341772151899	0.909090909090909	3.59477968309411
"185"	0.966666666666667	0.962025316455696	1	3.19256955245823
"186"	0.955555555555556	0.949367088607595	1	3.20968432197811
"187"	0.922222222222222	0.924050632911392	0.909090909090909	3.36044536927206
"188"	0.988888888888889	0.987341772151899	1	3.26038031204549
"189"	0.966666666666667	0.962025316455696	1	3.29622886241282
"190"	0.977777777777778	0.974683544303797	1	3.2707496681733
"191"	0.966666666666667	0.962025316455696	1	3.39161448435903
"192"	0.977777777777778	0.974683544303797	1	3.0503079291793
"193"	0.966666666666667	0.962025316455696	1	3.04834449501648
"194"	0.977777777777778	0.987341772151899	0.909090909090909	3.33353826650831
"195"	0.988888888888889	0.987341772151899	1	3.27101407361512
"196"	0.966666666666667	0.962025316455696	1	3.38702211301167
"197"	1	1	1	3.31998736506922
"198"	0.966666666666667	0.974683544303797	0.909090909090909	3.31792341518807
"199"	0.966666666666667	0.974683544303797	0.909090909090909	3.77368680737342
"200"	0.955555555555556	0.962025316455696	0.909090909090909	3.25480174624921
"201"	0.977777777777778	0.974683544303797	1	3.12301787158449
"202"	1	1	1	3.37201375707392
"203"	0.988888888888889	0.987341772151899	1	3.10292462216105
"204"	0.988888888888889	0.987341772151899	1	3.35876124873744
"205"	0.955555555555556	0.949367088607595	1	3.51256613975441
"206"	1	1	1	3.26025561979659
"207"	0.966666666666667	0.987341772151899	0.818181818181818	3.18535450088564
"208"	0.988888888888889	0.987341772151899	1	3.62283344001097
"209"	0.933333333333333	0.924050632911392	1	3.82562393320337
"210"	0.955555555555556	0.949367088607595	1	3.32595884449238
"211"	1	1	1	3.07949735982755
"212"	0.922222222222222	0.911392405063291	1	3.58795797809251
"213"	0.988888888888889	0.987341772151899	1	3.10286255397569
"214"	0.977777777777778	0.974683544303797	1	3.51012621902199
"215"	0.966666666666667	0.974683544303797	0.909090909090909	3.14531689079792
"216"	0.966666666666667	0.962025316455696	1	3.28912703470761
"217"	0.966666666666667	0.962025316455696	1	3.38299884815798
"218"	1	1	1	3.18820587344152
"219"	1	1	1	3.2284087222854
"220"	0.988888888888889	0.987341772151899	1	3.28436262445152
"221"	1	1	1	3.50973249420611
"222"	0.977777777777778	0.974683544303797	1	2.9548943789714
"223"	0.988888888888889	0.987341772151899	1	3.56374798347809
"224"	0.977777777777778	0.974683544303797	1	2.86614747613038
"225"	0.977777777777778	0.974683544303797	1	3.33242824462297
"226"	0.977777777777778	0.974683544303797	1	3.50581767028447
"227"	0.966666666666667	0.974683544303797	0.909090909090909	3.40032929423341
"228"	0.977777777777778	0.974683544303797	1	3.34037891700525
"229"	0.922222222222222	0.911392405063291	1	3.40077668231088
"230"	0.988888888888889	1	0.909090909090909	3.23964583923054
"231"	0.988888888888889	0.987341772151899	1	3.18254126324805
"232"	0.988888888888889	1	0.909090909090909	3.4258715473421
"233"	0.988888888888889	1	0.909090909090909	3.43499282430796
"234"	0.944444444444444	0.936708860759494	1	3.18659962605239
"235"	0.977777777777778	0.987341772151899	0.909090909090909	3.38566530310046
"236"	0.966666666666667	0.962025316455696	1	3.11134081542703
"237"	1	1	1	2.86817038929355
"238"	0.966666666666667	0.962025316455696	1	3.71810854437224
"239"	0.966666666666667	0.962025316455696	1	3.29237824469145
"240"	0.966666666666667	0.962025316455696	1	3.28301205736776
"241"	0.966666666666667	0.974683544303797	0.909090909090909	3.28885974107654
"242"	0.955555555555556	0.949367088607595	1	3.37480779439317
"243"	0.955555555555556	0.949367088607595	1	3.64082061092826
"244"	0.966666666666667	0.962025316455696	1	3.59959731399173
"245"	0.988888888888889	0.987341772151899	1	3.14071037077592
"246"	0.977777777777778	0.974683544303797	1	2.79575731092213
"247"	0.966666666666667	0.962025316455696	1	3.01628955976328
"248"	0.988888888888889	0.987341772151899	1	3.29736178682203
"249"	0.966666666666667	0.987341772151899	0.818181818181818	3.25555943554485
"250"	0.977777777777778	0.974683544303797	1	2.99705176114739
"251"	0.988888888888889	1	0.909090909090909	3.39836523947097
"252"	0.955555555555556	0.949367088607595	1	3.08743956806114
"253"	0.955555555555556	0.974683544303797	0.818181818181818	3.63874895785279
"254"	0.977777777777778	0.987341772151899	0.909090909090909	3.39054169251487
"255"	0.955555555555556	0.974683544303797	0.818181818181818	3.49235783101597
"256"	0.966666666666667	0.962025316455696	1	3.17684327215885
"257"	0.988888888888889	0.987341772151899	1	3.19969306705628
"258"	0.977777777777778	0.987341772151899	0.909090909090909	2.9395539872411
"259"	1	1	1	3.35520216808929
"260"	0.977777777777778	0.974683544303797	1	3.59218161018827
"261"	0.977777777777778	0.974683544303797	1	3.28174624953188
"262"	0.988888888888889	0.987341772151899	1	3.6610351745554
"263"	0.955555555555556	0.949367088607595	1	3.17148068824212
"264"	0.966666666666667	0.962025316455696	1	3.27689749503126
"265"	0.977777777777778	0.987341772151899	0.909090909090909	3.09755608110759
"266"	0.977777777777778	0.974683544303797	1	3.51173438588731
"267"	0.966666666666667	0.974683544303797	0.909090909090909	3.20069313136603
"268"	0.955555555555556	0.949367088607595	1	3.49594511966975
"269"	0.988888888888889	0.987341772151899	1	3.2159831569415
"270"	0.988888888888889	0.987341772151899	1	3.45553602598641
"271"	0.966666666666667	0.962025316455696	1	3.06004248285381
"272"	0.988888888888889	0.987341772151899	1	3.06576844921415
"273"	0.955555555555556	0.962025316455696	0.909090909090909	3.0759338290223
"274"	0.988888888888889	0.987341772151899	1	3.1165906470609
"275"	0.988888888888889	0.987341772151899	1	3.73703548349474
"276"	0.955555555555556	0.949367088607595	1	3.03753183476228
"277"	1	1	1	3.286048004107
"278"	0.944444444444444	0.936708860759494	1	3.39837665483007
"279"	1	1	1	3.16951751897168
"280"	0.988888888888889	0.987341772151899	1	3.05580645936638
"281"	0.955555555555556	0.949367088607595	1	3.47837801064225
"282"	0.955555555555556	0.949367088607595	1	3.1946284826133
"283"	1	1	1	3.10253182191258
"284"	0.977777777777778	0.987341772151899	0.909090909090909	3.51699263314356
"285"	0.944444444444444	0.949367088607595	0.909090909090909	2.90957452153748
"286"	1	1	1	3.45820347320465
"287"	0.977777777777778	0.987341772151899	0.909090909090909	2.94486848708465
"288"	0.955555555555556	0.962025316455696	0.909090909090909	3.59822960693113
"289"	0.977777777777778	0.974683544303797	1	3.18995488209493
"290"	0.988888888888889	0.987341772151899	1	3.4984995448117
"291"	0.977777777777778	0.974683544303797	1	3.00205444267933
"292"	0.955555555555556	0.949367088607595	1	3.46024157588888
"293"	0.977777777777778	0.974683544303797	1	3.18120606172324
"294"	1	1	1	3.28301033107482
"295"	0.966666666666667	0.974683544303797	0.909090909090909	3.260659190858
"296"	0.977777777777778	0.974683544303797	1	3.63705133660642
"297"	0.988888888888889	0.987341772151899	1	2.95452156467466
"298"	0.955555555555556	0.949367088607595	1	3.29813673632409
"299"	0.988888888888889	0.987341772151899	1	2.84642983033909
"300"	0.988888888888889	0.987341772151899	1	3.12005441619362
"301"	0.977777777777778	0.974683544303797	1	2.92420440042399
"302"	0.933333333333333	0.924050632911392	1	3.23138145578926
"303"	0.977777777777778	0.974683544303797	1	3.08996417006213
"304"	0.977777777777778	0.974683544303797	1	3.07659612253183
"305"	0.977777777777778	0.987341772151899	0.909090909090909	3.45289281902786
"306"	0.988888888888889	1	0.909090909090909	3.30043648598584
"307"	0.955555555555556	0.949367088607595	1	3.46956061709427
"308"	0.966666666666667	0.962025316455696	1	3.5736234467096
"309"	0.988888888888889	0.987341772151899	1	3.11199746082053
"310"	0.966666666666667	0.962025316455696	1	3.62769662670324
"311"	0.988888888888889	0.987341772151899	1	3.32175639736034
"312"	0.988888888888889	0.987341772151899	1	3.05601577328778
"313"	0.988888888888889	0.987341772151899	1	2.99311462660079
"314"	0.977777777777778	0.974683544303797	1	3.14216206901084
"315"	0.966666666666667	0.962025316455696	1	3.04442377609715
"316"	0.933333333333333	0.924050632911392	1	3.49166001616534
"317"	0.955555555555556	0.962025316455696	0.909090909090909	3.66048373060126
"318"	0.977777777777778	0.974683544303797	1	2.92391577130617
"319"	0.977777777777778	0.974683544303797	1	3.17415710942132
"320"	0.966666666666667	0.962025316455696	1	3.58926734872015
"321"	0.988888888888889	0.987341772151899	1	3.06074711296221
"322"	0.988888888888889	0.987341772151899	1	3.45292219867318
"323"	0.977777777777778	0.987341772151899	0.909090909090909	2.90550658061814
"324"	1	1	1	3.25684874525813
"325"	0.955555555555556	0.962025316455696	0.909090909090909	4.08519634791862
"326"	1	1	1	3.24500602348332
"327"	0.988888888888889	1	0.909090909090909	3.16416725927789
"328"	0.988888888888889	0.987341772151899	1	2.88158883789154
"329"	0.988888888888889	0.987341772151899	1	2.93201996234269
"330"	0.988888888888889	1	0.909090909090909	3.29929596182963
"331"	0.955555555555556	0.949367088607595	1	3.545158130108
"332"	0.966666666666667	0.962025316455696	1	3.21894626303901
"333"	1	1	1	3.33365079580377
"334"	0.933333333333333	0.924050632911392	1	3.29559925325606
"335"	0.966666666666667	0.962025316455696	1	3.05765031699366
"336"	0.977777777777778	0.974683544303797	1	2.84702045279336
"337"	0.966666666666667	0.987341772151899	0.818181818181818	3.26418436753349
"338"	0.966666666666667	0.962025316455696	1	3.08084194181826
"339"	0.955555555555556	0.949367088607595	1	3.16087323100979
"340"	0.977777777777778	1	0.818181818181818	3.28824861848576
"341"	0.955555555555556	0.949367088607595	1	3.38181130482137
"342"	1	1	1	3.0513176300669
"343"	0.966666666666667	0.962025316455696	1	3.40112573824901
"344"	0.966666666666667	0.962025316455696	1	3.00827116926976
"345"	1	1	1	3.2021900725797
"346"	0.955555555555556	0.949367088607595	1	3.23821369984934
"347"	0.977777777777778	0.987341772151899	0.909090909090909	3.37318348607775
"348"	1	1	1	3.04089159480171
"349"	0.966666666666667	0.962025316455696	1	2.99048676250443
"350"	0.977777777777778	0.974683544303797	1	3.1101875229929
"351"	0.988888888888889	1	0.909090909090909	3.00888424311697
"352"	0.966666666666667	0.962025316455696	1	3.55872270413967
"353"	0.988888888888889	0.987341772151899	1	3.13950822325604
"354"	0.988888888888889	0.987341772151899	1	3.35940590700536
"355"	0.977777777777778	0.974683544303797	1	3.33533976825691
"356"	0.988888888888889	0.987341772151899	1	3.17228494495638
"357"	0.988888888888889	0.987341772151899	1	2.8479857640501
"358"	0.988888888888889	0.987341772151899	1	3.38598158466658
"359"	0.988888888888889	0.987341772151899	1	2.93870478924312
"360"	0.977777777777778	0.974683544303797	1	3.04201830816107
"361"	0.988888888888889	0.987341772151899	1	3.38819133925218
"362"	0.977777777777778	0.987341772151899	0.909090909090909	3.05289728679154
"363"	0.977777777777778	0.974683544303797	1	3.39893699255999
"364"	0.955555555555556	0.962025316455696	0.909090909090909	3.21099356357555
"365"	1	1	1	2.78658188997323
"366"	0.955555555555556	0.974683544303797	0.818181818181818	3.58671085538188
"367"	0.955555555555556	0.962025316455696	0.909090909090909	3.51823071689148
"368"	0.933333333333333	0.924050632911392	1	3.59140020736336
"369"	0.933333333333333	0.924050632911392	1	3.5311045802133
"370"	0.977777777777778	0.974683544303797	1	3.50465423984659
"371"	0.966666666666667	0.962025316455696	1	3.1029374157389
"372"	0.966666666666667	0.962025316455696	1	3.06608760011936
"373"	1	1	1	3.11079129792902
"374"	0.966666666666667	0.962025316455696	1	3.01701049169293
"375"	0.966666666666667	0.962025316455696	1	3.0312619260485
"376"	0.944444444444444	0.936708860759494	1	3.32428684540908
"377"	0.977777777777778	0.974683544303797	1	3.09716114815154
"378"	0.977777777777778	0.974683544303797	1	3.28268714333053
"379"	0.955555555555556	0.949367088607595	1	3.16335539974016
"380"	0.988888888888889	0.987341772151899	1	3.3851257746062
"381"	0.966666666666667	0.962025316455696	1	3.77769333013075
"382"	0.955555555555556	0.962025316455696	0.909090909090909	3.37496178296821
"383"	0.988888888888889	0.987341772151899	1	3.11150474743041
"384"	1	1	1	3.23392625795674
"385"	0.966666666666667	0.962025316455696	1	3.47561091104496
"386"	0.955555555555556	0.949367088607595	1	3.15255354058664
"387"	0.966666666666667	0.962025316455696	1	2.70711453919261
"388"	0.977777777777778	0.987341772151899	0.909090909090909	3.33338739999426
"389"	0.966666666666667	0.962025316455696	1	3.18942583723669
"390"	0.988888888888889	0.987341772151899	1	2.95260080408362
"391"	0.966666666666667	0.962025316455696	1	3.39334521464062
"392"	0.955555555555556	0.949367088607595	1	3.28408721084616
"393"	0.966666666666667	0.974683544303797	0.909090909090909	3.57272992197596
"394"	0.977777777777778	0.974683544303797	1	3.24700053660208
"395"	0.988888888888889	0.987341772151899	1	3.09450384733178
"396"	0.988888888888889	0.987341772151899	1	3.05423235198193
"397"	1	1	1	3.23506678938218
"398"	0.977777777777778	0.974683544303797	1	3.26627070102622
"399"	0.988888888888889	0.987341772151899	1	3.30035336568198
"400"	0.988888888888889	0.987341772151899	1	3.19008641659146
"401"	0.988888888888889	0.987341772151899	1	3.2379345433425
"402"	0.988888888888889	0.987341772151899	1	2.85420234676004
"403"	0.977777777777778	0.974683544303797	1	3.49158860369799
"404"	0.988888888888889	0.987341772151899	1	3.21280383091763
"405"	0.955555555555556	0.962025316455696	0.909090909090909	3.60213511936035
"406"	0.977777777777778	0.974683544303797	1	2.90906975916682
"407"	0.988888888888889	0.987341772151899	1	3.26551559976458
"408"	0.988888888888889	0.987341772151899	1	2.99866134387282
"409"	0.966666666666667	0.974683544303797	0.909090909090909	3.1906590764613
"410"	0.966666666666667	0.962025316455696	1	3.18365515067438
"411"	0.977777777777778	0.987341772151899	0.909090909090909	3.38416052766948
"412"	0.966666666666667	0.962025316455696	1	3.74341955751414
"413"	0.977777777777778	0.974683544303797	1	3.13459913125271
"414"	0.955555555555556	0.974683544303797	0.818181818181818	3.11771041568546
"415"	0.977777777777778	0.987341772151899	0.909090909090909	3.47162565225323
"416"	0.966666666666667	0.962025316455696	1	3.23424247518519
"417"	1	1	1	3.14467441575281
"418"	0.955555555555556	0.949367088607595	1	3.55116826935494
"419"	0.944444444444444	0.936708860759494	1	3.45717337145185
"420"	0.966666666666667	0.974683544303797	0.909090909090909	2.88444740393683
"421"	0.966666666666667	0.962025316455696	1	3.08881857782508
"422"	0.977777777777778	0.974683544303797	1	3.20265139600109
"423"	0.966666666666667	0.962025316455696	1	3.424685196334
"424"	0.944444444444444	0.949367088607595	0.909090909090909	3.77434222679726
"425"	0.966666666666667	0.962025316455696	1	3.58507815811878
"426"	0.966666666666667	0.962025316455696	1	3.18099418919823
"427"	0.966666666666667	0.962025316455696	1	2.77028943722149
"428"	0.977777777777778	0.974683544303797	1	2.96219509997447
"429"	1	1	1	3.02840459793693
"430"	0.966666666666667	0.962025316455696	1	3.05901007786738
"431"	0.977777777777778	0.987341772151899	0.909090909090909	3.29750227492224
"432"	0.988888888888889	0.987341772151899	1	3.00274037752475
"433"	0.966666666666667	0.974683544303797	0.909090909090909	3.16035001389858
"434"	0.988888888888889	1	0.909090909090909	3.53166850560254
"435"	0.933333333333333	0.924050632911392	1	3.25506335601018
"436"	1	1	1	3.03312981157433
"437"	0.977777777777778	0.974683544303797	1	3.01865463183031
"438"	0.955555555555556	0.949367088607595	1	2.89029597964052
"439"	0.977777777777778	0.974683544303797	1	3.28556471050331
"440"	1	1	1	3.06957032038813
"441"	0.977777777777778	0.974683544303797	1	3.05495472819282
"442"	0.966666666666667	0.962025316455696	1	3.2822842641512
"443"	0.955555555555556	0.962025316455696	0.909090909090909	2.83746832892107
"444"	0.977777777777778	0.987341772151899	0.909090909090909	3.37054166848848
"445"	0.944444444444444	0.936708860759494	1	3.64779338705905
"446"	0.977777777777778	0.974683544303797	1	3.52362508114311
"447"	0.966666666666667	0.962025316455696	1	3.25207424427757
"448"	0.988888888888889	0.987341772151899	1	3.05228291126529
"449"	0.955555555555556	0.949367088607595	1	3.24749851528023
"450"	0.988888888888889	0.987341772151899	1	3.22642628055613
"451"	0.977777777777778	0.974683544303797	1	3.32405848092577
"452"	0.988888888888889	0.987341772151899	1	3.00271165203278
"453"	0.988888888888889	1	0.909090909090909	3.4958514347804
"454"	0.977777777777778	0.987341772151899	0.909090909090909	3.14748961624978
"455"	0.966666666666667	0.962025316455696	1	3.19263434217487
"456"	0.966666666666667	0.962025316455696	1	3.38538353329544
"457"	1	1	1	3.60156444999951
"458"	0.977777777777778	0.974683544303797	1	3.27745458067813
"459"	0.977777777777778	0.974683544303797	1	3.0736235977421
"460"	0.988888888888889	1	0.909090909090909	2.97721129615865
"461"	0.988888888888889	0.987341772151899	1	3.34587917802146
"462"	0.988888888888889	0.987341772151899	1	3.45122819968464
"463"	0.955555555555556	0.974683544303797	0.818181818181818	3.49110564119222
"464"	0.977777777777778	0.974683544303797	1	3.43250877880377
"465"	0.966666666666667	0.974683544303797	0.909090909090909	3.01309240966707
"466"	0.933333333333333	0.924050632911392	1	3.73118030441015
"467"	0.977777777777778	0.974683544303797	1	3.17011629961825
"468"	0.955555555555556	0.949367088607595	1	3.35871750463718
"469"	0.977777777777778	0.974683544303797	1	3.07853795095772
"470"	0.955555555555556	0.949367088607595	1	3.00239181432222
"471"	0.988888888888889	0.987341772151899	1	3.01966392037457
"472"	0.988888888888889	0.987341772151899	1	3.35028303558432
"473"	0.988888888888889	0.987341772151899	1	3.20093814269256
"474"	0.966666666666667	0.962025316455696	1	3.04151119156374
"475"	0.933333333333333	0.924050632911392	1	3.4536314171629
"476"	0.977777777777778	0.974683544303797	1	3.26303495077541
"477"	0.977777777777778	0.974683544303797	1	3.85010329299747
"478"	1	1	1	3.11945566588274
"479"	0.977777777777778	0.974683544303797	1	3.29786763342827
"480"	0.988888888888889	0.987341772151899	1	3.31783659577431
"481"	0.955555555555556	0.949367088607595	1	3.27542655742631
"482"	0.988888888888889	0.987341772151899	1	3.42600393373764
"483"	0.988888888888889	0.987341772151899	1	3.46422689068383
"484"	0.966666666666667	0.962025316455696	1	3.01146073206965
"485"	1	1	1	2.85101779250264
"486"	0.955555555555556	0.962025316455696	0.909090909090909	3.56552987840497
"487"	0.977777777777778	0.974683544303797	1	3.40862715415017
"488"	0.988888888888889	0.987341772151899	1	3.53786963751964
"489"	0.955555555555556	0.949367088607595	1	3.21978049076812
"490"	0.977777777777778	0.974683544303797	1	3.50965445664893
"491"	0.955555555555556	0.949367088607595	1	3.30076175648072
"492"	0.966666666666667	0.962025316455696	1	3.17891013710553
"493"	0.966666666666667	0.974683544303797	0.909090909090909	3.30274734729914
"494"	0.966666666666667	0.962025316455696	1	3.21391702280836
"495"	1	1	1	3.24010177467635
"496"	0.977777777777778	0.974683544303797	1	3.33717653378383
"497"	0.966666666666667	0.974683544303797	0.909090909090909	2.93888815451205
"498"	0.977777777777778	0.987341772151899	0.909090909090909	3.11312987260243
"499"	0.966666666666667	0.962025316455696	1	2.93916260559068
"500"	0.977777777777778	0.974683544303797	1	2.984670917446
