"Accuracy"	"Sensitivity"	"Specificity"	"T2"
"1"	0.988888888888889	0.987341772151899	1	4.1785337769908
"2"	1	1	1	3.66680316409388
"3"	0.955555555555556	0.974683544303797	0.818181818181818	4.63925661893555
"4"	1	1	1	4.59783139366414
"5"	1	1	1	4.14118992359537
"6"	0.977777777777778	0.974683544303797	1	3.82299289932298
"7"	0.966666666666667	0.962025316455696	1	5.13668611749621
"8"	1	1	1	4.00621413144528
"9"	0.955555555555556	0.962025316455696	0.909090909090909	4.94337711534092
"10"	0.977777777777778	1	0.818181818181818	3.78990267011273
"11"	0.966666666666667	0.962025316455696	1	4.07875776874605
"12"	1	1	1	3.62307115110051
"13"	0.977777777777778	0.974683544303797	1	4.25881881576663
"14"	0.988888888888889	0.987341772151899	1	4.36748557393577
"15"	0.966666666666667	0.987341772151899	0.818181818181818	3.90934701883749
"16"	0.977777777777778	0.974683544303797	1	3.87604163264112
"17"	1	1	1	4.17618229042489
"18"	0.988888888888889	0.987341772151899	1	4.02992394596517
"19"	1	1	1	3.87691674519244
"20"	0.977777777777778	0.974683544303797	1	4.06357172727369
"21"	0.988888888888889	0.987341772151899	1	4.02023601110967
"22"	0.988888888888889	0.987341772151899	1	4.95546568023212
"23"	0.977777777777778	0.987341772151899	0.909090909090909	4.3749794397415
"24"	0.977777777777778	0.974683544303797	1	4.30657594322597
"25"	0.988888888888889	0.987341772151899	1	4.74647974350836
"26"	0.955555555555556	0.949367088607595	1	4.4284747564689
"27"	0.988888888888889	0.987341772151899	1	4.61391066535183
"28"	0.988888888888889	0.987341772151899	1	4.28962486254808
"29"	1	1	1	4.40379096982363
"30"	1	1	1	3.74942275072225
"31"	1	1	1	4.28407049463302
"32"	0.988888888888889	0.987341772151899	1	4.00302811076846
"33"	0.944444444444444	0.962025316455696	0.818181818181818	4.39374864077774
"34"	0.988888888888889	0.987341772151899	1	4.00107442070914
"35"	0.977777777777778	0.987341772151899	0.909090909090909	4.30561529604115
"36"	0.966666666666667	0.987341772151899	0.818181818181818	4.25905910942603
"37"	0.933333333333333	0.949367088607595	0.818181818181818	5.12878626625779
"38"	0.966666666666667	1	0.727272727272727	4.49646188046799
"39"	0.988888888888889	0.987341772151899	1	3.91023501421838
"40"	0.988888888888889	0.987341772151899	1	4.52420466456166
"41"	1	1	1	3.96795949340591
"42"	1	1	1	4.09740598159396
"43"	0.988888888888889	1	0.909090909090909	4.19382834247291
"44"	0.977777777777778	0.987341772151899	0.909090909090909	4.33193341195238
"45"	0.988888888888889	1	0.909090909090909	4.22958535355828
"46"	0.988888888888889	1	0.909090909090909	3.91875307137515
"47"	0.988888888888889	0.987341772151899	1	3.80496719459265
"48"	1	1	1	4.55341107173972
"49"	0.988888888888889	1	0.909090909090909	4.032994416366
"50"	0.988888888888889	1	0.909090909090909	3.99931271083854
"51"	0.977777777777778	0.974683544303797	1	4.25041505796355
"52"	0.988888888888889	0.987341772151899	1	3.91126944202673
"53"	0.988888888888889	0.987341772151899	1	4.01193249386752
"54"	1	1	1	3.99050238941021
"55"	1	1	1	3.97863434329975
"56"	0.977777777777778	0.974683544303797	1	4.10976046487377
"57"	0.955555555555556	0.949367088607595	1	4.36377362623452
"58"	0.977777777777778	0.974683544303797	1	4.34588785349688
"59"	0.988888888888889	1	0.909090909090909	4.59284112068963
"60"	1	1	1	3.95477932260232
"61"	0.944444444444444	0.949367088607595	0.909090909090909	5.32359812414707
"62"	0.977777777777778	0.974683544303797	1	5.20811998195347
"63"	0.988888888888889	0.987341772151899	1	4.17131925271881
"64"	0.955555555555556	0.962025316455696	0.909090909090909	4.03982700790927
"65"	0.977777777777778	0.974683544303797	1	3.929304926727
"66"	0.988888888888889	0.987341772151899	1	4.56321935263219
"67"	0.977777777777778	0.974683544303797	1	4.36220651207039
"68"	0.988888888888889	1	0.909090909090909	4.44493835515259
"69"	0.966666666666667	0.962025316455696	1	4.51269079987591
"70"	0.988888888888889	1	0.909090909090909	4.03926469539196
"71"	1	1	1	3.82056994671065
"72"	0.977777777777778	0.974683544303797	1	4.31545829396978
"73"	0.988888888888889	0.987341772151899	1	3.61887930188673
"74"	0.977777777777778	0.974683544303797	1	4.00572784406012
"75"	0.977777777777778	0.987341772151899	0.909090909090909	4.75443865668557
"76"	0.966666666666667	0.974683544303797	0.909090909090909	4.3489242098536
"77"	0.988888888888889	0.987341772151899	1	3.76034448158389
"78"	0.988888888888889	0.987341772151899	1	4.12184830042586
"79"	0.977777777777778	0.974683544303797	1	4.74753937554851
"80"	0.988888888888889	1	0.909090909090909	3.87403935160062
"81"	0.988888888888889	1	0.909090909090909	4.04710059315597
"82"	0.977777777777778	0.974683544303797	1	4.85373155067319
"83"	0.966666666666667	1	0.727272727272727	4.37817358847732
"84"	0.977777777777778	0.974683544303797	1	4.32872078372647
"85"	0.988888888888889	1	0.909090909090909	3.98940818039232
"86"	0.944444444444444	0.962025316455696	0.818181818181818	4.44477171888789
"87"	0.966666666666667	0.974683544303797	0.909090909090909	4.80355979301313
"88"	1	1	1	3.70133467050761
"89"	1	1	1	3.6011802957358
"90"	0.988888888888889	1	0.909090909090909	4.40524343475627
"91"	0.988888888888889	0.987341772151899	1	4.30463685401375
"92"	0.988888888888889	1	0.909090909090909	4.20600698522113
"93"	0.977777777777778	0.974683544303797	1	4.1786826025939
"94"	0.988888888888889	1	0.909090909090909	3.79179870324764
"95"	1	1	1	4.45081770701121
"96"	0.988888888888889	0.987341772151899	1	4.1826575371126
"97"	0.977777777777778	0.987341772151899	0.909090909090909	4.54283765927056
"98"	0.988888888888889	0.987341772151899	1	3.93702399688161
"99"	0.988888888888889	0.987341772151899	1	4.51444303183925
"100"	0.966666666666667	0.974683544303797	0.909090909090909	4.65399693388469
"101"	0.977777777777778	0.974683544303797	1	3.87892946179798
"102"	0.988888888888889	1	0.909090909090909	4.08258333743238
"103"	0.988888888888889	0.987341772151899	1	3.93155129271374
"104"	0.966666666666667	0.962025316455696	1	4.86519013215624
"105"	0.988888888888889	0.987341772151899	1	4.16255243912786
"106"	0.988888888888889	1	0.909090909090909	4.06360293229104
"107"	1	1	1	3.82180701742992
"108"	0.988888888888889	0.987341772151899	1	4.56176746771242
"109"	0.988888888888889	0.987341772151899	1	3.92584108271268
"110"	0.977777777777778	0.974683544303797	1	3.96601252144647
"111"	0.966666666666667	0.974683544303797	0.909090909090909	4.69629755122742
"112"	0.966666666666667	0.974683544303797	0.909090909090909	4.43414573320237
"113"	0.955555555555556	0.962025316455696	0.909090909090909	5.57005482799192
"114"	0.988888888888889	1	0.909090909090909	4.18994369004693
"115"	0.966666666666667	0.974683544303797	0.909090909090909	4.6306757139401
"116"	0.966666666666667	0.987341772151899	0.818181818181818	4.73233519669272
"117"	0.988888888888889	0.987341772151899	1	3.85593816058646
"118"	0.988888888888889	1	0.909090909090909	4.07775233026544
"119"	0.988888888888889	0.987341772151899	1	4.77064558523247
"120"	1	1	1	3.90356319344288
"121"	0.988888888888889	0.987341772151899	1	4.0492880228722
"122"	0.977777777777778	1	0.818181818181818	4.13482961774145
"123"	0.977777777777778	0.974683544303797	1	4.67055306606954
"124"	0.977777777777778	0.974683544303797	1	4.24636274127067
"125"	0.977777777777778	1	0.818181818181818	4.17887381322224
"126"	0.966666666666667	0.987341772151899	0.818181818181818	4.73655854850971
"127"	0.977777777777778	0.987341772151899	0.909090909090909	4.59728090759865
"128"	0.988888888888889	0.987341772151899	1	3.85642050097413
"129"	1	1	1	3.93055517428449
"130"	1	1	1	4.87248415995442
"131"	0.988888888888889	1	0.909090909090909	3.81396469203481
"132"	0.977777777777778	0.987341772151899	0.909090909090909	4.26081757680198
"133"	1	1	1	3.61492147074825
"134"	1	1	1	4.01199246527474
"135"	0.966666666666667	0.974683544303797	0.909090909090909	4.22685007623986
"136"	0.988888888888889	0.987341772151899	1	4.41333460457266
"137"	0.966666666666667	0.987341772151899	0.818181818181818	4.21754761125993
"138"	0.988888888888889	0.987341772151899	1	4.71110590400228
"139"	0.988888888888889	0.987341772151899	1	3.98470993638106
"140"	0.988888888888889	0.987341772151899	1	3.81615698097303
"141"	0.977777777777778	0.974683544303797	1	4.19602073092297
"142"	0.977777777777778	0.974683544303797	1	4.07017912518197
"143"	1	1	1	3.82524923944793
"144"	0.988888888888889	0.987341772151899	1	3.80475328970094
"145"	1	1	1	3.79314097993162
"146"	0.966666666666667	0.974683544303797	0.909090909090909	4.22520462385928
"147"	1	1	1	4.72522669893525
"148"	0.944444444444444	0.949367088607595	0.909090909090909	4.92946741466771
"149"	0.988888888888889	0.987341772151899	1	4.47218552155615
"150"	0.977777777777778	0.974683544303797	1	4.20327152682638
"151"	1	1	1	4.37485343498078
"152"	0.977777777777778	1	0.818181818181818	4.34491264519356
"153"	1	1	1	3.9661637421163
"154"	1	1	1	4.33654404553489
"155"	0.988888888888889	1	0.909090909090909	4.61442078355262
"156"	0.988888888888889	0.987341772151899	1	4.37410696943016
"157"	0.977777777777778	0.987341772151899	0.909090909090909	4.9470303226091
"158"	0.977777777777778	1	0.818181818181818	4.64849448407326
"159"	1	1	1	3.97073330133631
"160"	0.988888888888889	1	0.909090909090909	4.26871193460264
"161"	0.977777777777778	0.974683544303797	1	4.12363591397686
"162"	0.977777777777778	0.974683544303797	1	4.39866323230012
"163"	0.955555555555556	0.974683544303797	0.818181818181818	4.64078036564288
"164"	1	1	1	4.07855399098976
"165"	0.977777777777778	0.974683544303797	1	4.24676300511523
"166"	0.988888888888889	1	0.909090909090909	4.75112907931738
"167"	1	1	1	4.55259595085761
"168"	1	1	1	3.70889771138835
"169"	0.966666666666667	0.974683544303797	0.909090909090909	5.02181988331648
"170"	0.988888888888889	1	0.909090909090909	4.32814968249407
"171"	0.988888888888889	0.987341772151899	1	4.01158595558091
"172"	0.988888888888889	1	0.909090909090909	4.1851615528525
"173"	0.977777777777778	0.987341772151899	0.909090909090909	4.37695638548675
"174"	0.988888888888889	0.987341772151899	1	4.82292286683949
"175"	0.977777777777778	0.974683544303797	1	4.4382467081356
"176"	0.955555555555556	0.962025316455696	0.909090909090909	5.43457198178309
"177"	0.988888888888889	0.987341772151899	1	4.15405437108705
"178"	1	1	1	4.64821860028271
"179"	0.966666666666667	1	0.727272727272727	4.13200221333521
"180"	1	1	1	3.93826761623882
"181"	0.988888888888889	0.987341772151899	1	4.31197766226664
"182"	0.977777777777778	0.987341772151899	0.909090909090909	4.2849018645449
"183"	0.977777777777778	0.987341772151899	0.909090909090909	4.2342920190232
"184"	0.966666666666667	0.974683544303797	0.909090909090909	4.32734960690361
"185"	0.977777777777778	0.974683544303797	1	5.00196467046041
"186"	0.988888888888889	0.987341772151899	1	4.21577898528839
"187"	0.977777777777778	0.974683544303797	1	4.65387679709832
"188"	1	1	1	3.79805580800741
"189"	0.988888888888889	0.987341772151899	1	4.28682788451058
"190"	0.988888888888889	0.987341772151899	1	3.70977061698828
"191"	0.966666666666667	0.987341772151899	0.818181818181818	4.85806747578102
"192"	1	1	1	4.54408368025536
"193"	0.966666666666667	0.962025316455696	1	4.69861967722476
"194"	0.977777777777778	0.987341772151899	0.909090909090909	4.59641242422847
"195"	0.955555555555556	0.962025316455696	0.909090909090909	3.95121198589863
"196"	0.977777777777778	0.987341772151899	0.909090909090909	4.18464728169528
"197"	1	1	1	3.60305138627924
"198"	0.988888888888889	1	0.909090909090909	4.92324753762076
"199"	0.988888888888889	1	0.909090909090909	3.81738506704214
"200"	0.988888888888889	0.987341772151899	1	4.17380109371518
"201"	0.966666666666667	0.987341772151899	0.818181818181818	3.52106948557301
"202"	0.966666666666667	0.962025316455696	1	3.91771974817073
"203"	0.988888888888889	0.987341772151899	1	3.85023096092452
"204"	0.966666666666667	0.962025316455696	1	4.49015509704753
"205"	0.955555555555556	0.949367088607595	1	4.70274923884623
"206"	0.988888888888889	0.987341772151899	1	4.10598916330834
"207"	0.977777777777778	0.987341772151899	0.909090909090909	4.09838480781654
"208"	0.977777777777778	0.987341772151899	0.909090909090909	4.47876723495173
"209"	0.988888888888889	0.987341772151899	1	4.65613774632609
"210"	0.977777777777778	1	0.818181818181818	4.59156824644264
"211"	0.988888888888889	0.987341772151899	1	3.82456829660872
"212"	0.988888888888889	0.987341772151899	1	4.54063114451746
"213"	0.988888888888889	0.987341772151899	1	3.47509448251926
"214"	1	1	1	4.03050645529074
"215"	0.988888888888889	0.987341772151899	1	4.57661929109591
"216"	1	1	1	4.09253193298181
"217"	0.977777777777778	0.987341772151899	0.909090909090909	4.29514596600874
"218"	0.977777777777778	0.974683544303797	1	4.1123260063449
"219"	0.988888888888889	0.987341772151899	1	4.04860827418169
"220"	0.977777777777778	0.974683544303797	1	4.10327713839331
"221"	1	1	1	3.91850609187758
"222"	0.977777777777778	0.974683544303797	1	4.18692111639757
"223"	0.955555555555556	0.974683544303797	0.818181818181818	4.92054628448633
"224"	0.977777777777778	0.974683544303797	1	4.6999471490238
"225"	0.977777777777778	0.974683544303797	1	3.90890146256456
"226"	0.966666666666667	0.962025316455696	1	4.27381561085448
"227"	0.966666666666667	0.987341772151899	0.818181818181818	4.53951223199893
"228"	0.988888888888889	0.987341772151899	1	3.88301551094306
"229"	1	1	1	4.2079293563099
"230"	1	1	1	4.25353740658102
"231"	0.977777777777778	0.987341772151899	0.909090909090909	4.20079387830974
"232"	0.988888888888889	0.987341772151899	1	3.75306705698718
"233"	0.977777777777778	0.974683544303797	1	3.88901450899968
"234"	0.977777777777778	0.987341772151899	0.909090909090909	4.08468394859526
"235"	0.966666666666667	0.962025316455696	1	4.31395011072993
"236"	0.988888888888889	0.987341772151899	1	4.46715184889473
"237"	0.977777777777778	0.974683544303797	1	4.28191889210423
"238"	0.977777777777778	0.974683544303797	1	3.82309954308577
"239"	1	1	1	3.54111062671264
"240"	1	1	1	3.98629741147334
"241"	0.977777777777778	1	0.818181818181818	4.15143783043855
"242"	0.988888888888889	1	0.909090909090909	4.80442304331992
"243"	0.977777777777778	0.974683544303797	1	3.85125181662399
"244"	0.988888888888889	1	0.909090909090909	4.38801623618582
"245"	1	1	1	4.02216750567528
"246"	0.977777777777778	0.974683544303797	1	3.64211034153968
"247"	0.966666666666667	0.962025316455696	1	5.15375007138503
"248"	0.988888888888889	0.987341772151899	1	3.80218537183518
"249"	0.988888888888889	0.987341772151899	1	4.0590252909492
"250"	1	1	1	4.09669531071225
"251"	0.977777777777778	0.987341772151899	0.909090909090909	3.98590812290575
"252"	0.944444444444444	0.962025316455696	0.818181818181818	5.03828085332096
"253"	0.966666666666667	0.962025316455696	1	4.39395457341906
"254"	0.977777777777778	0.987341772151899	0.909090909090909	4.67245824499835
"255"	0.988888888888889	0.987341772151899	1	3.80169056911966
"256"	0.966666666666667	0.962025316455696	1	4.33322559111536
"257"	0.988888888888889	0.987341772151899	1	4.19154813512642
"258"	0.988888888888889	0.987341772151899	1	3.68573499030435
"259"	0.955555555555556	0.962025316455696	0.909090909090909	4.85742346044189
"260"	0.977777777777778	0.987341772151899	0.909090909090909	4.09057703395452
"261"	0.988888888888889	1	0.909090909090909	4.1221612056398
"262"	0.955555555555556	0.949367088607595	1	4.29172034777709
"263"	0.988888888888889	0.987341772151899	1	4.0794350175493
"264"	0.977777777777778	0.974683544303797	1	4.34066062419795
"265"	0.977777777777778	0.987341772151899	0.909090909090909	4.36227642710717
"266"	0.988888888888889	0.987341772151899	1	3.97194190557342
"267"	0.977777777777778	0.974683544303797	1	4.26407788625578
"268"	0.988888888888889	1	0.909090909090909	3.95611232011027
"269"	0.966666666666667	0.962025316455696	1	4.0912355500791
"270"	0.988888888888889	1	0.909090909090909	4.4026614313067
"271"	0.977777777777778	0.987341772151899	0.909090909090909	4.42205579073169
"272"	0.977777777777778	0.974683544303797	1	4.01423354127942
"273"	0.988888888888889	1	0.909090909090909	4.47913995339337
"274"	0.977777777777778	0.987341772151899	0.909090909090909	3.95637615649808
"275"	1	1	1	3.86624938939031
"276"	0.977777777777778	0.987341772151899	0.909090909090909	4.42241486428951
"277"	1	1	1	3.9667627152514
"278"	0.966666666666667	0.962025316455696	1	4.67264681584886
"279"	0.988888888888889	0.987341772151899	1	3.80128604161238
"280"	1	1	1	4.06639462092006
"281"	0.977777777777778	0.974683544303797	1	4.50444684168688
"282"	1	1	1	4.44728796207141
"283"	0.955555555555556	0.962025316455696	0.909090909090909	4.20214146302406
"284"	0.977777777777778	0.987341772151899	0.909090909090909	4.11061782410573
"285"	0.977777777777778	1	0.818181818181818	3.91894111176877
"286"	1	1	1	3.64424771214729
"287"	0.955555555555556	0.987341772151899	0.727272727272727	4.69868697825658
"288"	0.988888888888889	1	0.909090909090909	3.70980018054563
"289"	0.977777777777778	0.987341772151899	0.909090909090909	4.74341533070667
"290"	0.988888888888889	1	0.909090909090909	4.22417111841189
"291"	0.977777777777778	0.987341772151899	0.909090909090909	4.02483651603367
"292"	0.966666666666667	0.962025316455696	1	4.40269505482322
"293"	0.988888888888889	0.987341772151899	1	3.85674987156143
"294"	0.977777777777778	0.974683544303797	1	4.1859283367929
"295"	1	1	1	4.04430867175692
"296"	0.977777777777778	0.987341772151899	0.909090909090909	3.99510388476192
"297"	0.977777777777778	0.974683544303797	1	5.05436193371098
"298"	0.988888888888889	0.987341772151899	1	5.06146852539739
"299"	1	1	1	4.15481563812075
"300"	0.977777777777778	0.974683544303797	1	4.17787651416202
"301"	0.988888888888889	0.987341772151899	1	4.63158335702105
"302"	0.988888888888889	0.987341772151899	1	4.81923410096325
"303"	1	1	1	3.88487033514929
"304"	0.977777777777778	0.987341772151899	0.909090909090909	4.55672714827889
"305"	0.977777777777778	1	0.818181818181818	4.36570781688551
"306"	0.988888888888889	0.987341772151899	1	3.81648361589884
"307"	0.988888888888889	0.987341772151899	1	4.01024581985715
"308"	0.988888888888889	0.987341772151899	1	4.15262867996506
"309"	1	1	1	3.91521862306399
"310"	0.988888888888889	0.987341772151899	1	3.89575655054293
"311"	1	1	1	3.77092418163908
"312"	0.977777777777778	0.974683544303797	1	3.94654873003849
"313"	1	1	1	4.42167636198212
"314"	0.988888888888889	1	0.909090909090909	4.29520163166351
"315"	0.977777777777778	0.987341772151899	0.909090909090909	4.09193541767305
"316"	0.977777777777778	0.987341772151899	0.909090909090909	4.7519627633523
"317"	0.988888888888889	0.987341772151899	1	4.14128008040729
"318"	0.966666666666667	0.962025316455696	1	4.10529220287203
"319"	0.966666666666667	0.962025316455696	1	4.17315266200925
"320"	0.988888888888889	1	0.909090909090909	4.07592951957574
"321"	0.966666666666667	0.962025316455696	1	4.03411890265182
"322"	0.966666666666667	0.974683544303797	0.909090909090909	4.55201712743452
"323"	0.988888888888889	1	0.909090909090909	3.96842641011019
"324"	1	1	1	3.47274522374051
"325"	0.966666666666667	0.987341772151899	0.818181818181818	4.14872013751803
"326"	0.988888888888889	1	0.909090909090909	3.96145801907288
"327"	0.988888888888889	0.987341772151899	1	3.91601623797634
"328"	0.955555555555556	0.949367088607595	1	4.97986747965514
"329"	0.988888888888889	0.987341772151899	1	3.9578206200141
"330"	1	1	1	4.43461544923053
"331"	0.977777777777778	0.974683544303797	1	3.82955876930607
"332"	0.977777777777778	0.987341772151899	0.909090909090909	4.20824219336838
"333"	0.977777777777778	0.974683544303797	1	4.31441355964865
"334"	0.977777777777778	0.974683544303797	1	4.71811708180161
"335"	0.988888888888889	1	0.909090909090909	3.85229709146705
"336"	1	1	1	4.06747206217724
"337"	0.988888888888889	0.987341772151899	1	3.59677989692522
"338"	0.955555555555556	0.962025316455696	0.909090909090909	5.45278360331367
"339"	1	1	1	4.1726615213003
"340"	0.988888888888889	0.987341772151899	1	4.10462038044749
"341"	0.988888888888889	1	0.909090909090909	4.35005092555142
"342"	0.966666666666667	0.974683544303797	0.909090909090909	4.43115915236152
"343"	1	1	1	4.59115473052247
"344"	1	1	1	3.94855436301767
"345"	0.966666666666667	0.974683544303797	0.909090909090909	4.04129048136182
"346"	1	1	1	4.01697849903407
"347"	1	1	1	4.42678255537449
"348"	0.988888888888889	0.987341772151899	1	4.73699815039177
"349"	1	1	1	4.17751418836473
"350"	0.977777777777778	1	0.818181818181818	4.0592880403622
"351"	0.977777777777778	0.974683544303797	1	3.94706238969705
"352"	1	1	1	4.03402196501418
"353"	0.977777777777778	1	0.818181818181818	4.06749746276359
"354"	0.977777777777778	0.987341772151899	0.909090909090909	4.12480345998063
"355"	0.988888888888889	0.987341772151899	1	4.80899757503976
"356"	0.977777777777778	0.987341772151899	0.909090909090909	4.17846285015756
"357"	1	1	1	4.726299978902
"358"	1	1	1	3.69247839698259
"359"	0.988888888888889	0.987341772151899	1	4.31162642718269
"360"	0.977777777777778	0.974683544303797	1	4.32912829892895
"361"	0.966666666666667	0.962025316455696	1	4.34159687381508
"362"	0.955555555555556	0.962025316455696	0.909090909090909	4.77193506872528
"363"	0.966666666666667	0.974683544303797	0.909090909090909	4.27998917684319
"364"	1	1	1	4.62167104985447
"365"	0.977777777777778	1	0.818181818181818	4.30787236167415
"366"	0.977777777777778	0.987341772151899	0.909090909090909	4.35625788309243
"367"	0.955555555555556	0.949367088607595	1	4.1894422960903
"368"	1	1	1	3.72724173117066
"369"	1	1	1	3.70747432751269
"370"	0.966666666666667	0.974683544303797	0.909090909090909	4.13948241742619
"371"	0.977777777777778	0.987341772151899	0.909090909090909	4.57387594281977
"372"	0.988888888888889	0.987341772151899	1	4.59694536404381
"373"	0.977777777777778	1	0.818181818181818	4.80639043001445
"374"	1	1	1	3.69490341861065
"375"	0.977777777777778	0.974683544303797	1	4.16913418905114
"376"	0.977777777777778	0.974683544303797	1	4.04074071286114
"377"	0.988888888888889	0.987341772151899	1	4.0370939146234
"378"	0.977777777777778	1	0.818181818181818	4.26589181936758
"379"	0.977777777777778	1	0.818181818181818	4.66511305776759
"380"	0.966666666666667	0.962025316455696	1	5.03594581867099
"381"	0.988888888888889	1	0.909090909090909	4.26898330416989
"382"	0.966666666666667	0.974683544303797	0.909090909090909	4.13447446351192
"383"	0.988888888888889	0.987341772151899	1	4.24580461402308
"384"	0.966666666666667	0.974683544303797	0.909090909090909	5.47976595184882
"385"	0.977777777777778	0.987341772151899	0.909090909090909	4.80690879052416
"386"	0.988888888888889	0.987341772151899	1	4.27129094608269
"387"	0.988888888888889	0.987341772151899	1	4.81538645433394
"388"	1	1	1	3.65107345398312
"389"	1	1	1	4.45662351457346
"390"	1	1	1	4.21593809519189
"391"	1	1	1	3.96560335662608
"392"	0.977777777777778	0.987341772151899	0.909090909090909	3.95448296328727
"393"	0.988888888888889	0.987341772151899	1	3.99486288683677
"394"	1	1	1	3.70001300928787
"395"	0.988888888888889	0.987341772151899	1	4.08270841709844
"396"	0.977777777777778	0.974683544303797	1	3.80330772322651
"397"	0.988888888888889	1	0.909090909090909	3.95149945524305
"398"	0.966666666666667	0.987341772151899	0.818181818181818	4.18028818597292
"399"	1	1	1	4.18700427481884
"400"	0.988888888888889	0.987341772151899	1	3.88725401033337
"401"	1	1	1	3.78280990299615
"402"	0.977777777777778	0.987341772151899	0.909090909090909	4.139516728849
"403"	0.977777777777778	0.987341772151899	0.909090909090909	4.16455131043329
"404"	0.988888888888889	1	0.909090909090909	4.02215754710233
"405"	0.988888888888889	0.987341772151899	1	4.84816436320306
"406"	0.988888888888889	0.987341772151899	1	4.12101829928118
"407"	0.977777777777778	0.974683544303797	1	4.01042750087617
"408"	0.977777777777778	0.987341772151899	0.909090909090909	4.08470711534969
"409"	0.988888888888889	1	0.909090909090909	4.18137924307924
"410"	1	1	1	3.83917514602366
"411"	0.988888888888889	0.987341772151899	1	4.15026185583271
"412"	0.988888888888889	1	0.909090909090909	3.72463093901797
"413"	0.966666666666667	0.962025316455696	1	3.84046547637474
"414"	0.988888888888889	0.987341772151899	1	4.39129372751006
"415"	0.988888888888889	1	0.909090909090909	3.64689944173489
"416"	1	1	1	3.56372553749936
"417"	0.977777777777778	0.987341772151899	0.909090909090909	3.49117813282812
"418"	0.988888888888889	0.987341772151899	1	4.34631607053297
"419"	0.966666666666667	0.974683544303797	0.909090909090909	4.18766199524502
"420"	1	1	1	4.41008038299481
"421"	0.988888888888889	0.987341772151899	1	4.6502825093199
"422"	0.988888888888889	1	0.909090909090909	4.1399396314547
"423"	0.988888888888889	1	0.909090909090909	3.88064009814153
"424"	0.977777777777778	0.974683544303797	1	3.82446102687815
"425"	0.988888888888889	0.987341772151899	1	4.09114555775674
"426"	0.955555555555556	0.974683544303797	0.818181818181818	4.78742203604387
"427"	0.988888888888889	1	0.909090909090909	4.17529549098089
"428"	0.955555555555556	0.949367088607595	1	4.26394920532799
"429"	0.977777777777778	0.987341772151899	0.909090909090909	4.62398634109348
"430"	0.988888888888889	0.987341772151899	1	4.16482243724406
"431"	1	1	1	4.09675993156861
"432"	0.988888888888889	0.987341772151899	1	4.2504053522926
"433"	0.988888888888889	0.987341772151899	1	3.61242642245215
"434"	0.977777777777778	0.987341772151899	0.909090909090909	4.1080564236492
"435"	0.988888888888889	0.987341772151899	1	4.32689073099326
"436"	0.977777777777778	0.974683544303797	1	4.05057029822399
"437"	1	1	1	3.74056717803116
"438"	1	1	1	3.95334317684302
"439"	0.977777777777778	0.974683544303797	1	5.00166397411159
"440"	0.988888888888889	0.987341772151899	1	3.62675291258888
"441"	0.988888888888889	0.987341772151899	1	4.12299232058576
"442"	0.966666666666667	0.974683544303797	0.909090909090909	4.69157400294545
"443"	0.977777777777778	0.987341772151899	0.909090909090909	4.40703803574087
"444"	1	1	1	3.59726244170477
"445"	1	1	1	4.22188379402592
"446"	0.988888888888889	0.987341772151899	1	3.8253940642465
"447"	1	1	1	4.00220578607745
"448"	0.988888888888889	0.987341772151899	1	3.90597703966621
"449"	0.988888888888889	1	0.909090909090909	3.93328966895424
"450"	0.966666666666667	0.974683544303797	0.909090909090909	4.78334041887559
"451"	0.966666666666667	0.987341772151899	0.818181818181818	4.68179336602866
"452"	1	1	1	4.44776761284764
"453"	1	1	1	3.65128227131889
"454"	0.988888888888889	1	0.909090909090909	4.0089356773552
"455"	0.977777777777778	0.987341772151899	0.909090909090909	4.33896227369377
"456"	0.988888888888889	0.987341772151899	1	4.02954591350399
"457"	0.988888888888889	1	0.909090909090909	4.44715179816794
"458"	0.966666666666667	0.974683544303797	0.909090909090909	3.85614595533249
"459"	0.977777777777778	0.974683544303797	1	4.18944861071703
"460"	0.988888888888889	0.987341772151899	1	4.15998885830213
"461"	1	1	1	3.86770022913551
"462"	0.977777777777778	0.987341772151899	0.909090909090909	4.07447763222597
"463"	1	1	1	4.48555240674353
"464"	0.988888888888889	0.987341772151899	1	3.74440026856409
"465"	0.977777777777778	1	0.818181818181818	3.88561883510904
"466"	0.988888888888889	0.987341772151899	1	4.24322411814007
"467"	0.988888888888889	0.987341772151899	1	4.17062378196457
"468"	0.988888888888889	0.987341772151899	1	3.92412630932834
"469"	1	1	1	3.96187141491679
"470"	1	1	1	4.18297611557109
"471"	0.977777777777778	0.987341772151899	0.909090909090909	4.23077209794459
"472"	0.977777777777778	0.974683544303797	1	4.10184178639447
"473"	0.988888888888889	0.987341772151899	1	4.16634916151005
"474"	0.977777777777778	0.987341772151899	0.909090909090909	4.04652038111332
"475"	1	1	1	3.8864799299783
"476"	0.966666666666667	0.962025316455696	1	4.94754207486194
"477"	1	1	1	4.91892915729334
"478"	0.955555555555556	0.962025316455696	0.909090909090909	5.90954047724532
"479"	0.988888888888889	1	0.909090909090909	3.80429642285471
"480"	0.988888888888889	0.987341772151899	1	3.78464606132162
"481"	1	1	1	4.3643649489353
"482"	0.977777777777778	0.987341772151899	0.909090909090909	3.88555851431546
"483"	0.966666666666667	0.962025316455696	1	3.75545885723021
"484"	0.988888888888889	0.987341772151899	1	3.99598265704217
"485"	1	1	1	3.78770801067319
"486"	1	1	1	3.61986548599965
"487"	0.988888888888889	1	0.909090909090909	4.31020418901585
"488"	1	1	1	3.81793046229224
"489"	0.955555555555556	0.962025316455696	0.909090909090909	3.82883812522236
"490"	0.988888888888889	1	0.909090909090909	4.42702668753095
"491"	1	1	1	4.06894064261498
"492"	0.977777777777778	0.974683544303797	1	4.20659204635317
"493"	0.988888888888889	0.987341772151899	1	3.84358481130986
"494"	0.977777777777778	0.987341772151899	0.909090909090909	4.36366721289479
"495"	1	1	1	3.88486114598326
"496"	0.977777777777778	0.987341772151899	0.909090909090909	4.28040790402359
"497"	1	1	1	4.43582333429606
"498"	0.977777777777778	1	0.818181818181818	4.09492207510765
"499"	0.977777777777778	1	0.818181818181818	4.27150115074103
"500"	0.977777777777778	0.974683544303797	1	3.77694567347214
"501"	0.988888888888889	0.987341772151899	1	4.09071127231469
"502"	0.988888888888889	1	0.909090909090909	3.98079662089944
"503"	0.988888888888889	1	0.909090909090909	4.00415163527713
"504"	0.966666666666667	0.974683544303797	0.909090909090909	4.67114582723408
"505"	1	1	1	4.18249293788892
"506"	0.977777777777778	1	0.818181818181818	4.56586433414683
"507"	0.977777777777778	0.974683544303797	1	3.95412989031243
"508"	0.966666666666667	0.987341772151899	0.818181818181818	4.00698679646058
"509"	0.988888888888889	0.987341772151899	1	4.0905051226978
"510"	0.977777777777778	0.987341772151899	0.909090909090909	4.66619751978955
"511"	0.988888888888889	0.987341772151899	1	4.53106895614996
"512"	0.977777777777778	0.974683544303797	1	4.19598292613811
"513"	0.966666666666667	0.987341772151899	0.818181818181818	4.45614110783249
"514"	0.977777777777778	0.987341772151899	0.909090909090909	4.59810017626918
"515"	0.977777777777778	0.974683544303797	1	4.55323640030817
"516"	0.988888888888889	0.987341772151899	1	3.93764773972432
"517"	0.966666666666667	0.974683544303797	0.909090909090909	4.05729289012696
"518"	0.988888888888889	0.987341772151899	1	3.82853839919057
"519"	0.988888888888889	1	0.909090909090909	3.73366277726754
"520"	0.966666666666667	0.962025316455696	1	5.04105619287912
"521"	0.988888888888889	0.987341772151899	1	4.18122610051154
"522"	0.966666666666667	0.962025316455696	1	4.48143714855388
"523"	0.988888888888889	0.987341772151899	1	3.95660085781366
"524"	0.988888888888889	1	0.909090909090909	4.13610109249047
"525"	0.977777777777778	0.974683544303797	1	4.94864624024816
"526"	1	1	1	3.71435092534211
"527"	0.977777777777778	0.987341772151899	0.909090909090909	4.30625656940584
"528"	0.988888888888889	1	0.909090909090909	4.3911092248953
"529"	0.966666666666667	0.962025316455696	1	4.07067693699914
"530"	0.988888888888889	0.987341772151899	1	4.14671921740844
"531"	0.988888888888889	1	0.909090909090909	4.02824065690196
"532"	0.988888888888889	0.987341772151899	1	5.11790294890276
"533"	0.966666666666667	0.987341772151899	0.818181818181818	4.29439731898597
"534"	0.977777777777778	0.974683544303797	1	4.34006156965822
"535"	0.977777777777778	0.974683544303797	1	4.96671268773242
"536"	1	1	1	3.94451331656362
"537"	0.977777777777778	0.987341772151899	0.909090909090909	4.52707289758605
"538"	0.988888888888889	0.987341772151899	1	4.97124069870398
"539"	0.988888888888889	0.987341772151899	1	3.75022725330628
"540"	0.977777777777778	0.974683544303797	1	4.30704506195592
"541"	0.988888888888889	0.987341772151899	1	4.17828238038618
"542"	0.977777777777778	0.974683544303797	1	3.78161383206804
"543"	0.977777777777778	0.974683544303797	1	3.88607305569171
"544"	0.944444444444444	0.936708860759494	1	4.20039470211589
"545"	0.988888888888889	0.987341772151899	1	4.30812135021209
"546"	0.977777777777778	1	0.818181818181818	4.2889440594466
"547"	0.977777777777778	0.974683544303797	1	3.86058968252027
"548"	0.988888888888889	0.987341772151899	1	4.39736824442508
"549"	0.988888888888889	0.987341772151899	1	3.98379556171101
"550"	0.966666666666667	0.987341772151899	0.818181818181818	4.91316856815386
"551"	0.977777777777778	0.987341772151899	0.909090909090909	4.92004919137955
"552"	0.977777777777778	0.974683544303797	1	4.16698936588813
"553"	0.966666666666667	0.962025316455696	1	4.2074178386324
"554"	0.988888888888889	0.987341772151899	1	4.28899808933087
"555"	0.977777777777778	0.987341772151899	0.909090909090909	3.83553234478785
"556"	0.988888888888889	0.987341772151899	1	4.56506622586545
"557"	0.977777777777778	0.987341772151899	0.909090909090909	4.54732136362755
"558"	0.977777777777778	0.987341772151899	0.909090909090909	3.72363996581471
"559"	0.977777777777778	0.974683544303797	1	3.79193160796113
"560"	0.977777777777778	0.974683544303797	1	4.49917088012866
"561"	0.988888888888889	0.987341772151899	1	4.38497231750745
"562"	0.966666666666667	0.974683544303797	0.909090909090909	5.25658958142261
"563"	1	1	1	4.29445458848873
"564"	0.988888888888889	0.987341772151899	1	4.42013887092009
"565"	0.988888888888889	1	0.909090909090909	3.71750797557343
"566"	0.977777777777778	0.987341772151899	0.909090909090909	4.16168282090192
"567"	0.966666666666667	1	0.727272727272727	4.03058669322101
"568"	0.988888888888889	0.987341772151899	1	4.72042392168773
"569"	0.988888888888889	0.987341772151899	1	4.08476813563659
"570"	0.977777777777778	0.987341772151899	0.909090909090909	5.23339455217791
"571"	0.988888888888889	0.987341772151899	1	4.02575588764788
"572"	0.988888888888889	1	0.909090909090909	3.98171260849951
"573"	0.977777777777778	0.987341772151899	0.909090909090909	4.17660629302216
"574"	0.988888888888889	0.987341772151899	1	4.24502689508452
"575"	0.977777777777778	0.987341772151899	0.909090909090909	3.98240619677907
"576"	0.988888888888889	0.987341772151899	1	3.9048323121308
"577"	0.977777777777778	0.974683544303797	1	4.16931833217932
"578"	1	1	1	3.8917970009799
"579"	0.966666666666667	0.962025316455696	1	4.06024757713249
"580"	0.988888888888889	0.987341772151899	1	4.20805671760861
"581"	0.977777777777778	0.974683544303797	1	3.80589768980441
"582"	0.988888888888889	1	0.909090909090909	4.19600945386108
"583"	0.988888888888889	1	0.909090909090909	3.98724795835243
"584"	0.977777777777778	0.987341772151899	0.909090909090909	4.25790192913393
"585"	0.988888888888889	0.987341772151899	1	4.55792437137126
"586"	0.988888888888889	0.987341772151899	1	4.28233654546488
"587"	0.977777777777778	0.974683544303797	1	3.57805487937034
"588"	0.988888888888889	0.987341772151899	1	4.16075455234962
"589"	0.966666666666667	0.962025316455696	1	4.32883726620005
"590"	1	1	1	4.03456485137146
"591"	0.955555555555556	0.974683544303797	0.818181818181818	5.13584952043639
"592"	1	1	1	4.4928189219586
"593"	0.977777777777778	0.974683544303797	1	4.32563723778852
"594"	0.977777777777778	0.974683544303797	1	4.48125629448469
"595"	1	1	1	3.83415396553152
"596"	0.955555555555556	0.949367088607595	1	4.25466549682274
"597"	0.988888888888889	0.987341772151899	1	3.78186715473453
"598"	0.988888888888889	1	0.909090909090909	4.06567599384722
"599"	0.977777777777778	0.974683544303797	1	4.07652194294545
"600"	0.977777777777778	1	0.818181818181818	4.45637282246202
"601"	0.988888888888889	1	0.909090909090909	4.11618503152271
"602"	1	1	1	4.03826948721409
"603"	0.977777777777778	0.974683544303797	1	4.23802977916423
"604"	1	1	1	4.05088934318688
"605"	1	1	1	3.97665599513311
"606"	0.977777777777778	0.974683544303797	1	3.79131251928072
"607"	0.966666666666667	0.974683544303797	0.909090909090909	4.3752692440086
"608"	0.977777777777778	0.974683544303797	1	3.97364994385686
"609"	0.988888888888889	0.987341772151899	1	4.37070821780465
"610"	0.988888888888889	0.987341772151899	1	3.80420032106255
"611"	0.988888888888889	0.987341772151899	1	4.49467035497494
"612"	0.977777777777778	0.987341772151899	0.909090909090909	4.08309440844524
"613"	0.955555555555556	0.974683544303797	0.818181818181818	4.85914216537715
"614"	0.944444444444444	0.949367088607595	0.909090909090909	5.42729452506703
"615"	0.977777777777778	0.987341772151899	0.909090909090909	4.50996682091027
"616"	0.977777777777778	1	0.818181818181818	4.07812138554787
"617"	1	1	1	3.77366388498546
"618"	0.977777777777778	0.974683544303797	1	4.17785855493424
"619"	0.988888888888889	0.987341772151899	1	3.67362642766068
"620"	0.977777777777778	0.974683544303797	1	4.04039057584946
"621"	0.988888888888889	1	0.909090909090909	4.25065023161758
"622"	0.988888888888889	0.987341772151899	1	3.87792870079997
"623"	0.977777777777778	0.974683544303797	1	4.57468178358112
"624"	0.966666666666667	0.974683544303797	0.909090909090909	4.26897202236354
"625"	0.988888888888889	0.987341772151899	1	4.53477232036203
"626"	0.988888888888889	1	0.909090909090909	4.7120677174936
"627"	0.977777777777778	0.987341772151899	0.909090909090909	4.08898633602079
"628"	0.955555555555556	0.949367088607595	1	4.3145170481301
"629"	1	1	1	3.88371456750435
"630"	1	1	1	4.00756473066524
"631"	0.988888888888889	0.987341772151899	1	4.43807493779664
"632"	0.977777777777778	0.987341772151899	0.909090909090909	4.97740978800237
"633"	0.977777777777778	0.974683544303797	1	4.39057186578913
"634"	0.988888888888889	0.987341772151899	1	5.22050152854403
"635"	0.977777777777778	0.974683544303797	1	3.77548696704883
"636"	0.977777777777778	0.974683544303797	1	4.13971347846249
"637"	1	1	1	3.81306817356612
"638"	1	1	1	4.25076941426056
"639"	1	1	1	3.49650101503626
"640"	0.988888888888889	0.987341772151899	1	4.97327617506669
"641"	0.977777777777778	1	0.818181818181818	5.08836382745729
"642"	0.988888888888889	1	0.909090909090909	4.18724993499416
"643"	1	1	1	4.16238475117205
"644"	0.988888888888889	0.987341772151899	1	4.49499797673314
"645"	1	1	1	3.90301206047964
"646"	0.988888888888889	1	0.909090909090909	3.95755904354634
"647"	0.977777777777778	0.974683544303797	1	3.71491891834865
"648"	0.955555555555556	0.962025316455696	0.909090909090909	4.05491986044999
"649"	0.966666666666667	0.962025316455696	1	5.2723820386456
"650"	0.966666666666667	0.974683544303797	0.909090909090909	4.3341628536636
"651"	0.988888888888889	0.987341772151899	1	3.94185029714229
"652"	0.988888888888889	0.987341772151899	1	3.96031367099764
"653"	0.988888888888889	1	0.909090909090909	3.94327862415967
"654"	1	1	1	4.64001717429874
"655"	0.977777777777778	0.987341772151899	0.909090909090909	4.47520024494991
"656"	0.977777777777778	0.987341772151899	0.909090909090909	4.462060758585
"657"	0.977777777777778	0.974683544303797	1	3.93848142333362
"658"	0.977777777777778	0.974683544303797	1	4.00933528759831
"659"	0.988888888888889	0.987341772151899	1	3.93767628356223
"660"	0.966666666666667	0.962025316455696	1	4.06534987136355
"661"	0.966666666666667	0.974683544303797	0.909090909090909	4.33643635588869
"662"	1	1	1	4.23433677657104
"663"	1	1	1	4.26436645317937
"664"	0.955555555555556	0.962025316455696	0.909090909090909	4.27435083777104
"665"	0.977777777777778	0.987341772151899	0.909090909090909	5.13960917857525
"666"	0.966666666666667	0.962025316455696	1	4.24605523183549
"667"	1	1	1	4.60370586488667
"668"	0.988888888888889	0.987341772151899	1	4.64538614052041
"669"	0.977777777777778	0.987341772151899	0.909090909090909	4.50970313021086
"670"	0.966666666666667	0.974683544303797	0.909090909090909	4.55878845385207
"671"	0.966666666666667	0.974683544303797	0.909090909090909	4.39553609654839
"672"	0.966666666666667	0.974683544303797	0.909090909090909	4.08197935332556
"673"	0.966666666666667	0.974683544303797	0.909090909090909	4.79987463303256
"674"	0.988888888888889	0.987341772151899	1	3.84790169029444
"675"	0.977777777777778	0.974683544303797	1	4.45483868785301
"676"	0.977777777777778	0.974683544303797	1	4.18235243646687
"677"	0.988888888888889	1	0.909090909090909	4.30670059738482
"678"	1	1	1	3.47530585527325
"679"	0.977777777777778	0.987341772151899	0.909090909090909	4.04799243287924
"680"	1	1	1	3.94543028245816
"681"	0.977777777777778	0.974683544303797	1	4.16408667488834
"682"	0.977777777777778	0.974683544303797	1	3.76299847117852
"683"	0.988888888888889	0.987341772151899	1	3.80977302535239
"684"	0.977777777777778	0.974683544303797	1	4.08667690739883
"685"	0.955555555555556	0.962025316455696	0.909090909090909	4.41890529788416
"686"	0.988888888888889	1	0.909090909090909	4.05178190792871
"687"	0.966666666666667	0.962025316455696	1	3.79724171144544
"688"	1	1	1	3.90562573805677
"689"	0.988888888888889	1	0.909090909090909	4.24217682665596
"690"	0.977777777777778	1	0.818181818181818	4.12586568302148
"691"	0.988888888888889	0.987341772151899	1	4.16898357369953
"692"	0.988888888888889	1	0.909090909090909	4.26232238406647
"693"	0.977777777777778	0.974683544303797	1	3.87403154067373
"694"	1	1	1	3.69964066869955
"695"	0.977777777777778	0.974683544303797	1	4.40444789925788
"696"	1	1	1	4.13147397621923
"697"	0.988888888888889	1	0.909090909090909	4.29537275165061
"698"	0.988888888888889	1	0.909090909090909	3.79574443721408
"699"	1	1	1	4.46707170175506
"700"	1	1	1	4.80494571858473
"701"	0.977777777777778	0.987341772151899	0.909090909090909	4.14189975616265
"702"	0.977777777777778	0.974683544303797	1	4.44673404363841
"703"	0.988888888888889	0.987341772151899	1	4.50470097443198
"704"	0.988888888888889	1	0.909090909090909	3.85082312558162
"705"	1	1	1	3.92404643799557
"706"	0.988888888888889	1	0.909090909090909	4.14631330284858
"707"	0.988888888888889	0.987341772151899	1	5.27032076692157
"708"	0.988888888888889	0.987341772151899	1	3.85378350730204
"709"	0.988888888888889	0.987341772151899	1	3.93564540506396
"710"	1	1	1	3.87733443148926
"711"	0.966666666666667	0.962025316455696	1	4.75617546767893
"712"	0.966666666666667	0.962025316455696	1	4.2357048021847
"713"	0.988888888888889	0.987341772151899	1	3.84946208030266
"714"	0.966666666666667	0.974683544303797	0.909090909090909	4.68382701287315
"715"	0.966666666666667	0.962025316455696	1	4.16275494094465
"716"	0.966666666666667	0.987341772151899	0.818181818181818	4.61203171666173
"717"	0.988888888888889	1	0.909090909090909	3.97532016656768
"718"	0.988888888888889	1	0.909090909090909	3.59255623011843
"719"	0.977777777777778	0.987341772151899	0.909090909090909	5.02238109799451
"720"	0.955555555555556	0.962025316455696	0.909090909090909	4.48893427097504
"721"	0.988888888888889	0.987341772151899	1	4.22695195998283
"722"	0.988888888888889	0.987341772151899	1	4.09632910990782
"723"	0.988888888888889	0.987341772151899	1	3.61045408513279
"724"	0.966666666666667	0.962025316455696	1	4.26606770822351
"725"	0.966666666666667	0.974683544303797	0.909090909090909	4.52238289603978
"726"	0.988888888888889	0.987341772151899	1	4.06610959467164
"727"	1	1	1	4.61951503621052
"728"	0.977777777777778	0.987341772151899	0.909090909090909	4.70375897344132
"729"	0.955555555555556	0.962025316455696	0.909090909090909	4.59340826103054
"730"	0.988888888888889	0.987341772151899	1	3.88324468037459
"731"	0.988888888888889	0.987341772151899	1	4.39508418394803
"732"	0.988888888888889	0.987341772151899	1	4.42143896684268
"733"	0.988888888888889	1	0.909090909090909	3.74948904773749
"734"	0.966666666666667	0.962025316455696	1	3.88476723025272
"735"	0.977777777777778	0.974683544303797	1	3.75620694931298
"736"	0.977777777777778	0.987341772151899	0.909090909090909	4.122753023582
"737"	0.966666666666667	0.962025316455696	1	4.10704476303281
"738"	0.988888888888889	1	0.909090909090909	3.9803797338503
"739"	0.977777777777778	0.974683544303797	1	4.05088654959075
"740"	0.977777777777778	0.974683544303797	1	3.62480261888188
"741"	0.988888888888889	0.987341772151899	1	4.3445847923295
"742"	1	1	1	4.75740424769336
"743"	0.966666666666667	0.974683544303797	0.909090909090909	4.15502617954629
"744"	0.955555555555556	0.974683544303797	0.818181818181818	4.6428516951421
"745"	0.988888888888889	0.987341772151899	1	5.31251390007146
"746"	0.977777777777778	0.974683544303797	1	3.84492137895356
"747"	0.988888888888889	0.987341772151899	1	3.81108802561552
"748"	0.988888888888889	0.987341772151899	1	3.90033140307484
"749"	0.977777777777778	0.974683544303797	1	4.5179683004954
"750"	0.988888888888889	0.987341772151899	1	4.34920091665367
"751"	0.988888888888889	1	0.909090909090909	4.24550203561815
"752"	0.977777777777778	0.987341772151899	0.909090909090909	4.31562187518406
"753"	0.988888888888889	0.987341772151899	1	4.0460655752044
"754"	0.988888888888889	1	0.909090909090909	4.11389549435705
"755"	0.977777777777778	0.974683544303797	1	3.93762798506931
"756"	1	1	1	3.71870292282108
"757"	0.988888888888889	0.987341772151899	1	4.56043985243913
"758"	0.977777777777778	0.987341772151899	0.909090909090909	4.35172115918026
"759"	1	1	1	4.04539311742437
"760"	1	1	1	3.69100896599245
"761"	1	1	1	4.06968952928562
"762"	0.955555555555556	0.974683544303797	0.818181818181818	4.82863091916378
"763"	0.977777777777778	0.974683544303797	1	4.41936448079922
"764"	0.988888888888889	1	0.909090909090909	3.93974248225809
"765"	0.988888888888889	1	0.909090909090909	4.22954123473273
"766"	0.966666666666667	0.974683544303797	0.909090909090909	4.92311509768054
"767"	0.977777777777778	0.987341772151899	0.909090909090909	4.31231902144879
"768"	1	1	1	4.08120079509342
"769"	0.988888888888889	0.987341772151899	1	3.92607848679279
"770"	0.988888888888889	1	0.909090909090909	3.85207346958108
"771"	0.977777777777778	0.974683544303797	1	3.7813261860037
"772"	0.977777777777778	0.974683544303797	1	4.83921864264227
"773"	0.988888888888889	0.987341772151899	1	4.02745902201443
"774"	0.988888888888889	0.987341772151899	1	4.00095468052521
"775"	1	1	1	4.22561720814044
"776"	0.977777777777778	0.987341772151899	0.909090909090909	4.44761114876694
"777"	0.977777777777778	0.987341772151899	0.909090909090909	4.91989780617521
"778"	0.988888888888889	0.987341772151899	1	4.17250992810441
"779"	0.988888888888889	0.987341772151899	1	3.92377315200665
"780"	0.977777777777778	0.987341772151899	0.909090909090909	4.09448180385472
"781"	0.988888888888889	0.987341772151899	1	4.09199680889955
"782"	0.988888888888889	1	0.909090909090909	3.85248964222575
"783"	0.988888888888889	1	0.909090909090909	4.34753005019919
"784"	0.955555555555556	0.962025316455696	0.909090909090909	4.59929704014995
"785"	1	1	1	4.59285635677432
"786"	0.966666666666667	0.974683544303797	0.909090909090909	4.95826732360945
"787"	0.988888888888889	0.987341772151899	1	3.95920892091692
"788"	1	1	1	3.81351233613934
"789"	0.988888888888889	1	0.909090909090909	3.81554655047088
"790"	1	1	1	4.20196949381988
"791"	1	1	1	3.88483640018173
"792"	0.988888888888889	0.987341772151899	1	4.07741545672259
"793"	0.955555555555556	0.962025316455696	0.909090909090909	4.45250707241941
"794"	1	1	1	3.69528536110767
"795"	0.988888888888889	0.987341772151899	1	5.16784007691774
"796"	0.988888888888889	0.987341772151899	1	4.85137958251166
"797"	0.988888888888889	0.987341772151899	1	3.90037212488729
"798"	0.988888888888889	1	0.909090909090909	4.10498749720418
"799"	1	1	1	3.73043200309529
"800"	1	1	1	3.78270422441124
"801"	1	1	1	4.51498334884888
"802"	0.977777777777778	0.974683544303797	1	4.01414234251849
"803"	0.988888888888889	0.987341772151899	1	3.7531120965557
"804"	1	1	1	3.57682515903334
"805"	0.988888888888889	0.987341772151899	1	4.22830150197681
"806"	1	1	1	3.76164481108561
"807"	0.988888888888889	1	0.909090909090909	3.90259268332193
"808"	0.977777777777778	0.974683544303797	1	3.78316631673995
"809"	0.988888888888889	0.987341772151899	1	4.22746914368072
"810"	0.988888888888889	1	0.909090909090909	4.51823605316994
"811"	0.988888888888889	0.987341772151899	1	3.68874594323923
"812"	0.966666666666667	0.974683544303797	0.909090909090909	4.40634150877418
"813"	1	1	1	3.94056074147687
"814"	0.977777777777778	0.974683544303797	1	4.39467018404938
"815"	0.977777777777778	0.974683544303797	1	3.82643076442324
"816"	0.977777777777778	0.974683544303797	1	4.31515682862738
"817"	0.988888888888889	1	0.909090909090909	4.51663597477953
"818"	0.988888888888889	0.987341772151899	1	3.86628921743401
"819"	0.988888888888889	0.987341772151899	1	4.00519931697098
"820"	0.988888888888889	0.987341772151899	1	3.99706229896561
"821"	0.977777777777778	0.974683544303797	1	3.93748559853213
"822"	0.977777777777778	0.974683544303797	1	3.82066520147101
"823"	1	1	1	3.63519740410086
"824"	1	1	1	3.12423440362057
"825"	0.966666666666667	0.962025316455696	1	4.21409252591602
"826"	0.988888888888889	0.987341772151899	1	4.17653550118447
"827"	0.933333333333333	0.936708860759494	0.909090909090909	4.94409788443921
"828"	0.977777777777778	0.974683544303797	1	4.52906986747531
"829"	1	1	1	3.80893491653518
"830"	0.988888888888889	1	0.909090909090909	4.56954345973176
"831"	1	1	1	3.88283869683542
"832"	0.988888888888889	1	0.909090909090909	4.78679165890833
"833"	0.988888888888889	0.987341772151899	1	3.97436637373375
"834"	0.977777777777778	0.987341772151899	0.909090909090909	4.10300206325953
"835"	0.977777777777778	0.987341772151899	0.909090909090909	5.43308740073802
"836"	1	1	1	4.1140077355875
"837"	0.966666666666667	0.962025316455696	1	4.08756153243133
"838"	1	1	1	4.05724936956164
"839"	0.988888888888889	1	0.909090909090909	4.06849395417014
"840"	0.966666666666667	0.974683544303797	0.909090909090909	4.52996917601676
"841"	0.977777777777778	0.974683544303797	1	4.23633005170996
"842"	0.988888888888889	0.987341772151899	1	3.98356607891025
"843"	0.988888888888889	0.987341772151899	1	3.86685945448969
"844"	0.988888888888889	1	0.909090909090909	5.09986206489281
"845"	0.977777777777778	1	0.818181818181818	4.39346210456339
"846"	0.977777777777778	0.974683544303797	1	4.24147870536334
"847"	0.966666666666667	0.974683544303797	0.909090909090909	3.78406473116384
"848"	1	1	1	4.27851294853523
"849"	0.988888888888889	0.987341772151899	1	3.99873992473401
"850"	0.966666666666667	0.974683544303797	0.909090909090909	3.92761708479729
"851"	0.966666666666667	0.962025316455696	1	4.06536713437666
"852"	0.977777777777778	0.974683544303797	1	4.26361167715759
"853"	0.988888888888889	0.987341772151899	1	4.38783258625071
"854"	1	1	1	4.68128880542746
"855"	0.977777777777778	0.987341772151899	0.909090909090909	4.26676374900971
"856"	0.955555555555556	0.949367088607595	1	4.63066167426147
"857"	1	1	1	4.28651558102695
"858"	0.988888888888889	0.987341772151899	1	4.56332595567971
"859"	0.988888888888889	0.987341772151899	1	4.52299080575677
"860"	0.977777777777778	0.974683544303797	1	4.06211469127459
"861"	0.988888888888889	1	0.909090909090909	4.18420814915871
"862"	0.988888888888889	1	0.909090909090909	4.02890107871283
"863"	0.977777777777778	0.987341772151899	0.909090909090909	4.25288518654845
"864"	1	1	1	4.28418975600073
"865"	0.988888888888889	1	0.909090909090909	3.70629290845178
"866"	1	1	1	4.04007614755368
"867"	1	1	1	3.9080028894898
"868"	0.977777777777778	0.987341772151899	0.909090909090909	4.18365440286548
"869"	0.977777777777778	0.987341772151899	0.909090909090909	3.84194784582938
"870"	0.933333333333333	0.962025316455696	0.727272727272727	4.74200453776552
"871"	1	1	1	3.83028683131765
"872"	0.977777777777778	0.987341772151899	0.909090909090909	5.04642568482478
"873"	0.988888888888889	0.987341772151899	1	4.10057984770966
"874"	0.988888888888889	0.987341772151899	1	4.21614204410842
"875"	1	1	1	3.8011273572092
"876"	1	1	1	4.34818787013136
"877"	0.966666666666667	0.962025316455696	1	3.96753855541268
"878"	0.977777777777778	0.974683544303797	1	4.44701103905679
"879"	0.988888888888889	1	0.909090909090909	4.84802094052892
"880"	0.977777777777778	0.974683544303797	1	4.25055363151546
"881"	0.977777777777778	0.987341772151899	0.909090909090909	4.22300031383164
"882"	0.988888888888889	0.987341772151899	1	4.03262319590094
"883"	0.977777777777778	0.987341772151899	0.909090909090909	5.10215685852604
"884"	0.988888888888889	1	0.909090909090909	4.61031167699818
"885"	0.988888888888889	0.987341772151899	1	3.61079159551493
"886"	1	1	1	4.05241065924943
"887"	0.977777777777778	0.987341772151899	0.909090909090909	4.21169012954263
"888"	0.966666666666667	0.987341772151899	0.818181818181818	4.17228000946594
"889"	0.977777777777778	0.974683544303797	1	4.08876802737665
"890"	0.977777777777778	0.987341772151899	0.909090909090909	4.33847656158359
"891"	0.988888888888889	1	0.909090909090909	4.27890946114618
"892"	0.988888888888889	0.987341772151899	1	4.52940478141478
"893"	0.977777777777778	0.974683544303797	1	4.13000699756074
"894"	0.977777777777778	0.974683544303797	1	3.84627085037451
"895"	0.988888888888889	0.987341772151899	1	3.9983006726753
"896"	1	1	1	4.49392325852808
"897"	0.988888888888889	0.987341772151899	1	4.01309468619908
"898"	0.988888888888889	1	0.909090909090909	4.57643552219325
"899"	0.988888888888889	0.987341772151899	1	4.11129401252299
"900"	0.988888888888889	1	0.909090909090909	4.27485589411584
"901"	0.988888888888889	0.987341772151899	1	4.25054403105071
"902"	0.966666666666667	0.974683544303797	0.909090909090909	3.87079095315505
"903"	0.988888888888889	0.987341772151899	1	3.92027327018896
"904"	0.988888888888889	0.987341772151899	1	4.06202811664337
"905"	0.988888888888889	0.987341772151899	1	3.99930057313535
"906"	0.988888888888889	1	0.909090909090909	4.99317128480442
"907"	0.977777777777778	0.974683544303797	1	4.14062904006864
"908"	1	1	1	3.81370485416129
"909"	1	1	1	4.12658110283329
"910"	0.988888888888889	0.987341772151899	1	4.83265117685115
"911"	0.977777777777778	0.987341772151899	0.909090909090909	4.14087230094176
"912"	0.977777777777778	0.974683544303797	1	4.23139797864706
"913"	0.988888888888889	1	0.909090909090909	4.05821771484149
"914"	0.988888888888889	1	0.909090909090909	4.3957490038114
"915"	1	1	1	4.1901566813389
"916"	1	1	1	4.04610033489768
"917"	1	1	1	4.45143211581547
"918"	0.977777777777778	0.974683544303797	1	4.30872935502943
"919"	0.988888888888889	0.987341772151899	1	4.05038073929362
"920"	1	1	1	4.00080642883062
"921"	0.988888888888889	0.987341772151899	1	4.3775988822225
"922"	1	1	1	3.64390554840542
"923"	0.977777777777778	0.974683544303797	1	4.35574916351649
"924"	0.988888888888889	0.987341772151899	1	4.60908576898098
"925"	0.977777777777778	0.974683544303797	1	4.59139680723692
"926"	0.988888888888889	0.987341772151899	1	3.90088033593331
"927"	0.988888888888889	0.987341772151899	1	4.83388927394167
"928"	0.988888888888889	0.987341772151899	1	3.76781047969581
"929"	0.966666666666667	0.962025316455696	1	4.37984441396528
"930"	0.988888888888889	1	0.909090909090909	4.3199357975172
"931"	0.988888888888889	0.987341772151899	1	4.43559522819946
"932"	0.988888888888889	1	0.909090909090909	4.0883039532944
"933"	0.966666666666667	0.974683544303797	0.909090909090909	4.34276444343447
"934"	1	1	1	4.39477555954029
"935"	0.988888888888889	0.987341772151899	1	4.60004505404634
"936"	0.988888888888889	0.987341772151899	1	5.07525423779515
"937"	0.988888888888889	1	0.909090909090909	3.79861197247885
"938"	0.977777777777778	0.974683544303797	1	3.84968935943671
"939"	1	1	1	4.60303448051499
"940"	0.977777777777778	0.974683544303797	1	4.55236459396284
"941"	1	1	1	4.07974529054158
"942"	0.988888888888889	1	0.909090909090909	3.7953492321243
"943"	0.977777777777778	0.974683544303797	1	4.17070023688234
"944"	0.988888888888889	1	0.909090909090909	4.15227209950404
"945"	0.966666666666667	0.987341772151899	0.818181818181818	4.52592168114345
"946"	0.966666666666667	0.987341772151899	0.818181818181818	4.62277366148115
"947"	0.988888888888889	1	0.909090909090909	4.02323708285998
"948"	0.988888888888889	0.987341772151899	1	4.67880812744835
"949"	0.977777777777778	0.974683544303797	1	4.42939827653154
"950"	0.977777777777778	0.974683544303797	1	4.04656762931001
"951"	0.988888888888889	0.987341772151899	1	5.02347799255983
"952"	1	1	1	4.25516142195271
"953"	0.977777777777778	0.987341772151899	0.909090909090909	3.83911918492808
"954"	1	1	1	4.03587619433617
"955"	0.988888888888889	0.987341772151899	1	4.14395973163719
"956"	0.988888888888889	0.987341772151899	1	3.9199339825778
"957"	0.977777777777778	0.974683544303797	1	4.09247854124588
"958"	0.988888888888889	0.987341772151899	1	5.12451890722664
"959"	0.977777777777778	0.987341772151899	0.909090909090909	3.95427554837533
"960"	0.966666666666667	0.974683544303797	0.909090909090909	4.58692994430639
"961"	1	1	1	3.99288324707016
"962"	1	1	1	3.76851616414021
"963"	1	1	1	3.83080915272944
"964"	0.977777777777778	1	0.818181818181818	4.4159855379723
"965"	0.977777777777778	0.974683544303797	1	4.42077881281554
"966"	0.988888888888889	0.987341772151899	1	4.67743827828662
"967"	0.988888888888889	0.987341772151899	1	4.22513527574364
"968"	0.966666666666667	0.962025316455696	1	3.86449076433056
"969"	0.966666666666667	0.974683544303797	0.909090909090909	4.79068756278841
"970"	0.966666666666667	0.974683544303797	0.909090909090909	5.28318685521782
"971"	1	1	1	4.47896432484936
"972"	0.944444444444444	0.962025316455696	0.818181818181818	4.34793508308981
"973"	0.966666666666667	0.974683544303797	0.909090909090909	4.78380363917196
"974"	0.977777777777778	0.974683544303797	1	4.42751213114007
"975"	0.988888888888889	1	0.909090909090909	4.79877034747137
"976"	0.988888888888889	0.987341772151899	1	4.15493334032578
"977"	0.977777777777778	0.974683544303797	1	4.52487372767572
"978"	0.988888888888889	0.987341772151899	1	4.60738846613485
"979"	0.966666666666667	0.987341772151899	0.818181818181818	4.09514839256865
"980"	0.988888888888889	1	0.909090909090909	4.22749334288229
"981"	0.977777777777778	0.974683544303797	1	4.02718686762194
"982"	0.966666666666667	0.962025316455696	1	4.36744264842654
"983"	0.966666666666667	1	0.727272727272727	4.42869758307429
"984"	0.977777777777778	0.987341772151899	0.909090909090909	4.3356701692171
"985"	0.966666666666667	0.974683544303797	0.909090909090909	4.47159306786758
"986"	0.977777777777778	0.987341772151899	0.909090909090909	4.5494652021857
"987"	0.988888888888889	0.987341772151899	1	3.91898698890181
"988"	1	1	1	3.8047692278035
"989"	1	1	1	3.64583402595101
"990"	0.988888888888889	0.987341772151899	1	4.06724822294531
"991"	0.988888888888889	0.987341772151899	1	3.94184414047563
"992"	1	1	1	3.87679359389653
"993"	0.988888888888889	0.987341772151899	1	4.13099871933117
"994"	0.977777777777778	0.987341772151899	0.909090909090909	4.26345119152074
"995"	0.988888888888889	1	0.909090909090909	3.95192407215493
"996"	0.944444444444444	0.962025316455696	0.818181818181818	4.68238032290165
"997"	0.988888888888889	1	0.909090909090909	4.0259275033848
"998"	0.988888888888889	0.987341772151899	1	3.51077316122406
"999"	0.988888888888889	0.987341772151899	1	4.26973688450747
"1000"	0.988888888888889	0.987341772151899	1	3.86604033461768
